Open,High,Low,Close,Adj Close,Volume
2.759999990463257,2.759999990463257,2.759999990463257,2.759999990463257,2.759999990463257,2767
0.8059999942779541,0.8059999942779541,0.7990000247955322,0.800000011920929,0.800000011920929,0
2.759999990463257,2.759999990463257,2.759999990463257,2.759999990463257,2.759999990463257,2767
2.759999990463257,2.759999990463257,2.759999990463257,2.759999990463257,2.759999990463257,2767
2.759999990463257,2.759999990463257,2.759999990463257,2.759999990463257,2.759999990463257,2767
2.759999990463257,2.759999990463257,2.759999990463257,2.759999990463257,2.759999990463257,2767
0.6650000214576721,0.6710000038146973,0.6650000214576721,0.6669999957084656,0.6669999957084656,0
2.759999990463257,2.759999990463257,2.759999990463257,2.759999990463257,2.759999990463257,2767
2.759999990463257,2.759999990463257,2.759999990463257,2.759999990463257,2.759999990463257,2767
2.5,2.5,2.5,2.5,2.5,30300
2.5,2.5,2.5,2.5,2.5,30300
0.5910000205039978,0.5910000205039978,0.5849999785423279,0.5849999785423279,0.5849999785423279,0
2.5,2.5,2.5,2.5,2.5,30300
2.5,2.5,2.5,2.5,2.5,30300
2.5,2.5,2.5,2.5,2.5,30300
2.5,2.5,2.5,2.5,2.5,30300
0.5600000023841858,0.5619999766349792,0.5600000023841858,0.5619999766349792,0.5619999766349792,0
2.5,2.5,2.5,2.5,2.5,30300
2.5,2.5,2.5,2.5,2.5,30300
2.5,2.5,2.5,2.5,2.5,30300
0.5419999957084656,0.5419999957084656,0.531000018119812,0.5320000052452087,0.5320000052452087,0
2.5999999046325684,2.5999999046325684,2.5999999046325684,2.5999999046325684,2.5999999046325684,30600
2.5999999046325684,2.5999999046325684,2.5999999046325684,2.5999999046325684,2.5999999046325684,30600
2.5999999046325684,2.5999999046325684,2.5999999046325684,2.5999999046325684,2.5999999046325684,30600
2.5999999046325684,2.5999999046325684,2.5999999046325684,2.5999999046325684,2.5999999046325684,30600
0.5989999771118164,0.609000027179718,0.5989999771118164,0.609000027179718,0.609000027179718,0
2.5999999046325684,2.5999999046325684,2.5999999046325684,2.5999999046325684,2.5999999046325684,30600
2.5999999046325684,2.5999999046325684,2.5999999046325684,2.5999999046325684,2.5999999046325684,30600
2.5999999046325684,2.5999999046325684,2.5999999046325684,2.5999999046325684,2.5999999046325684,30600
2.5999999046325684,2.5999999046325684,2.5999999046325684,2.5999999046325684,2.5999999046325684,30600
0.6650000214576721,0.675000011920929,0.6650000214576721,0.675000011920929,0.675000011920929,0
2.5999999046325684,2.5999999046325684,2.5999999046325684,2.5999999046325684,2.5999999046325684,30600
2.5999999046325684,2.5999999046325684,2.5999999046325684,2.5999999046325684,2.5999999046325684,30600
2.5999999046325684,2.5999999046325684,2.5999999046325684,2.5999999046325684,2.5999999046325684,30600
2.5999999046325684,2.5999999046325684,2.5999999046325684,2.5999999046325684,2.5999999046325684,30600
2.5999999046325684,2.5999999046325684,2.5999999046325684,2.5999999046325684,2.5999999046325684,0
2.5999999046325684,2.5999999046325684,2.5999999046325684,2.5999999046325684,2.5999999046325684,30600
2.5999999046325684,2.5999999046325684,2.5999999046325684,2.5999999046325684,2.5999999046325684,30600
2.5999999046325684,2.5999999046325684,2.5999999046325684,2.5999999046325684,2.5999999046325684,14400
2.5999999046325684,2.5999999046325684,2.5999999046325684,2.5999999046325684,2.5999999046325684,14400
0.8080000281333923,0.8080000281333923,0.8080000281333923,0.8080000281333923,0.8080000281333923,0
2.5999999046325684,2.5999999046325684,2.5999999046325684,2.5999999046325684,2.5999999046325684,14400
2.5999999046325684,2.5999999046325684,2.5999999046325684,2.5999999046325684,2.5999999046325684,14400
2.5999999046325684,2.5999999046325684,2.5999999046325684,2.5999999046325684,2.5999999046325684,14400
0.7919999957084656,0.7919999957084656,0.777999997138977,0.7789999842643738,0.7789999842643738,0
2.5999999046325684,2.5999999046325684,2.5999999046325684,2.5999999046325684,2.5999999046325684,14400
2.5999999046325684,2.5999999046325684,2.5999999046325684,2.5999999046325684,2.5999999046325684,14400
2.5999999046325684,2.5999999046325684,2.5999999046325684,2.5999999046325684,2.5999999046325684,14400
2.5999999046325684,2.5999999046325684,2.5999999046325684,2.5999999046325684,2.5999999046325684,14400
0.7699999809265137,0.7730000019073486,0.7649999856948853,0.765999972820282,0.765999972820282,0
2.5999999046325684,2.5999999046325684,2.5999999046325684,2.5999999046325684,2.5999999046325684,14400
2.5999999046325684,2.5999999046325684,2.5999999046325684,2.5999999046325684,2.5999999046325684,14400
2.5999999046325684,2.5999999046325684,2.5999999046325684,2.5999999046325684,2.5999999046325684,14400
2.5999999046325684,2.5999999046325684,2.5999999046325684,2.5999999046325684,2.5999999046325684,14400
0.7360000014305115,0.7360000014305115,0.7250000238418579,0.7250000238418579,0.7250000238418579,0
2.3399999141693115,2.3399999141693115,2.3399999141693115,2.3399999141693115,2.3399999141693115,60
2.3399999141693115,2.3399999141693115,2.3399999141693115,2.3399999141693115,2.3399999141693115,60
2.3399999141693115,2.3399999141693115,2.3399999141693115,2.3399999141693115,2.3399999141693115,60
2.3399999141693115,2.3399999141693115,2.3399999141693115,2.3399999141693115,2.3399999141693115,60
0.6710000038146973,0.6710000038146973,0.6449999809265137,0.6449999809265137,0.6449999809265137,0
2.3399999141693115,2.3399999141693115,2.3399999141693115,2.3399999141693115,2.3399999141693115,60
2.3399999141693115,2.3399999141693115,2.3399999141693115,2.3399999141693115,2.3399999141693115,60
2.3399999141693115,2.3399999141693115,2.3399999141693115,2.3399999141693115,2.3399999141693115,60
2.3399999141693115,2.3399999141693115,2.3399999141693115,2.3399999141693115,2.3399999141693115,60
0.6759999990463257,0.6859999895095825,0.6759999990463257,0.6859999895095825,0.6859999895095825,0
2.3399999141693115,2.3399999141693115,2.3399999141693115,2.3399999141693115,2.3399999141693115,60
2.3399999141693115,2.3399999141693115,2.3399999141693115,2.3399999141693115,2.3399999141693115,60
2.3399999141693115,2.3399999141693115,2.3399999141693115,2.3399999141693115,2.3399999141693115,60
2.3399999141693115,2.3399999141693115,2.3399999141693115,2.3399999141693115,2.3399999141693115,60
0.7170000076293945,0.7269999980926514,0.7149999737739563,0.7269999980926514,0.7269999980926514,0
2.3399999141693115,2.3399999141693115,2.3399999141693115,2.3399999141693115,2.3399999141693115,60
2.3399999141693115,2.3399999141693115,2.3399999141693115,2.3399999141693115,2.3399999141693115,60
2.3399999141693115,2.3399999141693115,2.3399999141693115,2.3399999141693115,2.3399999141693115,60
2.3399999141693115,2.3399999141693115,2.3399999141693115,2.3399999141693115,2.3399999141693115,60
2.3399999141693115,2.3399999141693115,2.3399999141693115,2.3399999141693115,2.3399999141693115,0
2.3399999141693115,2.3399999141693115,2.3399999141693115,2.3399999141693115,2.3399999141693115,0
2.3399999141693115,2.3399999141693115,2.3399999141693115,2.3399999141693115,2.3399999141693115,0
2.3399999141693115,2.3399999141693115,2.3399999141693115,2.3399999141693115,2.3399999141693115,60
2.3399999141693115,2.3399999141693115,2.3399999141693115,2.3399999141693115,2.3399999141693115,60
2.3399999141693115,2.3399999141693115,2.3399999141693115,2.3399999141693115,2.3399999141693115,0
2.3399999141693115,2.3399999141693115,2.3399999141693115,2.3399999141693115,2.3399999141693115,60
2.3399999141693115,2.3399999141693115,2.3399999141693115,2.3399999141693115,2.3399999141693115,60
2.3399999141693115,2.3399999141693115,2.3399999141693115,2.3399999141693115,2.3399999141693115,60
2.3399999141693115,2.3399999141693115,2.3399999141693115,2.3399999141693115,2.3399999141693115,60
0.6060000061988831,0.6060000061988831,0.6050000190734863,0.6060000061988831,0.6060000061988831,0
2.3399999141693115,2.3399999141693115,2.3399999141693115,2.3399999141693115,2.3399999141693115,60
2.3399999141693115,2.3399999141693115,2.3399999141693115,2.3399999141693115,2.3399999141693115,60
2.3399999141693115,2.3399999141693115,2.3399999141693115,2.3399999141693115,2.3399999141693115,60
0.5960000157356262,0.5960000157356262,0.5929999947547913,0.593999981880188,0.593999981880188,0
2.3399999141693115,2.3399999141693115,2.3399999141693115,2.3399999141693115,2.3399999141693115,60
2.3399999141693115,2.3399999141693115,2.3399999141693115,2.3399999141693115,2.3399999141693115,60
2.3399999141693115,2.3399999141693115,2.3399999141693115,2.3399999141693115,2.3399999141693115,60
2.3399999141693115,2.3399999141693115,2.3399999141693115,2.3399999141693115,2.3399999141693115,60
0.6029999852180481,0.6209999918937683,0.6029999852180481,0.6209999918937683,0.6209999918937683,0
2.3399999141693115,2.3399999141693115,2.3399999141693115,2.3399999141693115,2.3399999141693115,60
2.3399999141693115,2.3399999141693115,2.3399999141693115,2.3399999141693115,2.3399999141693115,60
2.3399999141693115,2.3399999141693115,2.3399999141693115,2.3399999141693115,2.3399999141693115,60
2.3399999141693115,2.3399999141693115,2.3399999141693115,2.3399999141693115,2.3399999141693115,60
0.8159999847412109,0.8529999852180481,0.8159999847412109,0.8529999852180481,0.8529999852180481,0
2.3399999141693115,2.3399999141693115,2.3399999141693115,2.3399999141693115,2.3399999141693115,60
2.3399999141693115,2.3399999141693115,2.3399999141693115,2.3399999141693115,2.3399999141693115,60
2.3399999141693115,2.3399999141693115,2.3399999141693115,2.3399999141693115,2.3399999141693115,60
2.3399999141693115,2.3399999141693115,2.3399999141693115,2.3399999141693115,2.3399999141693115,60
0.9070000052452087,0.9070000052452087,0.8880000114440918,0.8880000114440918,0.8880000114440918,0
2.3399999141693115,2.3399999141693115,2.3399999141693115,2.3399999141693115,2.3399999141693115,60
2.3399999141693115,2.3399999141693115,2.3399999141693115,2.3399999141693115,2.3399999141693115,60
2.3399999141693115,2.3399999141693115,2.3399999141693115,2.3399999141693115,2.3399999141693115,60
2.3399999141693115,2.3399999141693115,2.3399999141693115,2.3399999141693115,2.3399999141693115,60
0.9300000071525574,0.9300000071525574,0.9300000071525574,0.9300000071525574,0.9300000071525574,0
2.3399999141693115,2.3399999141693115,2.3399999141693115,2.3399999141693115,2.3399999141693115,60
2.3399999141693115,2.3399999141693115,2.3399999141693115,2.3399999141693115,2.3399999141693115,60
2.3399999141693115,2.3399999141693115,2.3399999141693115,2.3399999141693115,2.3399999141693115,60
2.3399999141693115,2.3399999141693115,2.3399999141693115,2.3399999141693115,2.3399999141693115,60
0.9300000071525574,0.9300000071525574,0.9300000071525574,0.9300000071525574,0.9300000071525574,0
2.3399999141693115,2.3399999141693115,2.3399999141693115,2.3399999141693115,2.3399999141693115,60
2.3399999141693115,2.3399999141693115,2.3399999141693115,2.3399999141693115,2.3399999141693115,60
2.3399999141693115,2.3399999141693115,2.3399999141693115,2.3399999141693115,2.3399999141693115,60
2.3399999141693115,2.3399999141693115,2.3399999141693115,2.3399999141693115,2.3399999141693115,60
0.9300000071525574,0.9300000071525574,0.9300000071525574,0.9300000071525574,0.9300000071525574,0
2.3399999141693115,2.3399999141693115,2.3399999141693115,2.3399999141693115,2.3399999141693115,60
2.3399999141693115,2.3399999141693115,2.3399999141693115,2.3399999141693115,2.3399999141693115,60
2.3399999141693115,2.3399999141693115,2.3399999141693115,2.3399999141693115,2.3399999141693115,60
2.3399999141693115,2.3399999141693115,2.3399999141693115,2.3399999141693115,2.3399999141693115,0
0.9300000071525574,0.9300000071525574,0.9300000071525574,0.9300000071525574,0.9300000071525574,0
2.3399999141693115,2.3399999141693115,2.3399999141693115,2.3399999141693115,2.3399999141693115,60
2.3399999141693115,2.3399999141693115,2.3399999141693115,2.3399999141693115,2.3399999141693115,60
0.9300000071525574,0.9300000071525574,0.9300000071525574,0.9300000071525574,0.9300000071525574,0
2.3399999141693115,2.3399999141693115,2.3399999141693115,2.3399999141693115,2.3399999141693115,60
2.3399999141693115,2.3399999141693115,2.3399999141693115,2.3399999141693115,2.3399999141693115,60
2.3399999141693115,2.3399999141693115,2.3399999141693115,2.3399999141693115,2.3399999141693115,60
2.3399999141693115,2.3399999141693115,2.3399999141693115,2.3399999141693115,2.3399999141693115,60
0.7829999923706055,0.7860000133514404,0.7749999761581421,0.7770000100135803,0.7770000100135803,0
2.3399999141693115,2.3399999141693115,2.3399999141693115,2.3399999141693115,2.3399999141693115,60
2.3399999141693115,2.3399999141693115,2.3399999141693115,2.3399999141693115,2.3399999141693115,60
2.549999952316284,2.549999952316284,2.549999952316284,2.549999952316284,2.549999952316284,2000
2.549999952316284,2.549999952316284,2.549999952316284,2.549999952316284,2.549999952316284,0
0.8220000267028809,0.8220000267028809,0.7850000262260437,0.7850000262260437,0.7850000262260437,0
2.549999952316284,2.549999952316284,2.549999952316284,2.549999952316284,2.549999952316284,2000
2.549999952316284,2.549999952316284,2.549999952316284,2.549999952316284,2.549999952316284,2000
2.549999952316284,2.549999952316284,2.549999952316284,2.549999952316284,2.549999952316284,2000
0.7490000128746033,0.753000020980835,0.746999979019165,0.753000020980835,0.753000020980835,0
2.549999952316284,2.549999952316284,2.549999952316284,2.549999952316284,2.549999952316284,2000
2.549999952316284,2.549999952316284,2.549999952316284,2.549999952316284,2.549999952316284,2000
2.549999952316284,2.549999952316284,2.549999952316284,2.549999952316284,2.549999952316284,2000
2.549999952316284,2.549999952316284,2.549999952316284,2.549999952316284,2.549999952316284,2000
0.8820000290870667,0.8880000114440918,0.8759999871253967,0.8759999871253967,0.8759999871253967,0
2.549999952316284,2.549999952316284,2.549999952316284,2.549999952316284,2.549999952316284,0
2.549999952316284,2.549999952316284,2.549999952316284,2.549999952316284,2.549999952316284,2000
2.549999952316284,2.549999952316284,2.549999952316284,2.549999952316284,2.549999952316284,2000
2.549999952316284,2.549999952316284,2.549999952316284,2.549999952316284,2.549999952316284,2000
0.9020000100135803,0.9020000100135803,0.8870000243186951,0.8889999985694885,0.8889999985694885,0
2.9200000762939453,2.9200000762939453,2.9200000762939453,2.9200000762939453,2.9200000762939453,10000
2.9200000762939453,2.9200000762939453,2.9200000762939453,2.9200000762939453,2.9200000762939453,10000
2.9200000762939453,2.9200000762939453,2.9200000762939453,2.9200000762939453,2.9200000762939453,10000
2.9200000762939453,2.9200000762939453,2.9200000762939453,2.9200000762939453,2.9200000762939453,10000
0.9089999794960022,0.9330000281333923,0.9079999923706055,0.9330000281333923,0.9330000281333923,0
2.9200000762939453,2.9200000762939453,2.9200000762939453,2.9200000762939453,2.9200000762939453,10000
2.9200000762939453,2.9200000762939453,2.9200000762939453,2.9200000762939453,2.9200000762939453,10000
2.9200000762939453,2.9200000762939453,2.9200000762939453,2.9200000762939453,2.9200000762939453,10000
2.9200000762939453,2.9200000762939453,2.9200000762939453,2.9200000762939453,2.9200000762939453,10000
0.9829999804496765,0.9869999885559082,0.9829999804496765,0.9869999885559082,0.9869999885559082,0
2.9200000762939453,2.9200000762939453,2.9200000762939453,2.9200000762939453,2.9200000762939453,10000
2.9200000762939453,2.9200000762939453,2.9200000762939453,2.9200000762939453,2.9200000762939453,10000
2.9200000762939453,2.9200000762939453,2.9200000762939453,2.9200000762939453,2.9200000762939453,10000
0.968999981880188,1.0099999904632568,0.968999981880188,1.0099999904632568,1.0099999904632568,0
2.9200000762939453,2.9200000762939453,2.9200000762939453,2.9200000762939453,2.9200000762939453,10000
2.9200000762939453,2.9200000762939453,2.9200000762939453,2.9200000762939453,2.9200000762939453,10000
2.9200000762939453,2.9200000762939453,2.9200000762939453,2.9200000762939453,2.9200000762939453,10000
1.0839999914169312,1.1009999513626099,1.0839999914169312,1.1009999513626099,1.1009999513626099,0
2.9000000953674316,2.9000000953674316,2.9000000953674316,2.9000000953674316,2.9000000953674316,10400
2.9000000953674316,2.9000000953674316,2.9000000953674316,2.9000000953674316,2.9000000953674316,10400
2.9000000953674316,2.9000000953674316,2.9000000953674316,2.9000000953674316,2.9000000953674316,10400
2.9000000953674316,2.9000000953674316,2.9000000953674316,2.9000000953674316,2.9000000953674316,10400
1.031999945640564,1.031999945640564,1.003000020980835,1.003000020980835,1.003000020980835,0
2.9000000953674316,2.9000000953674316,2.9000000953674316,2.9000000953674316,2.9000000953674316,10400
2.9000000953674316,2.9000000953674316,2.9000000953674316,2.9000000953674316,2.9000000953674316,10400
2.9000000953674316,2.9000000953674316,2.9000000953674316,2.9000000953674316,2.9000000953674316,10400
2.9000000953674316,2.9000000953674316,2.9000000953674316,2.9000000953674316,2.9000000953674316,10400
1.0609999895095825,1.0609999895095825,1.0490000247955322,1.055999994277954,1.055999994277954,0
2.9000000953674316,2.9000000953674316,2.9000000953674316,2.9000000953674316,2.9000000953674316,10400
2.9000000953674316,2.9000000953674316,2.9000000953674316,2.9000000953674316,2.9000000953674316,10400
2.9000000953674316,2.9000000953674316,2.9000000953674316,2.9000000953674316,2.9000000953674316,0
0.9800000190734863,0.9829999804496765,0.9800000190734863,0.9810000061988831,0.9810000061988831,0
2.9000000953674316,2.9000000953674316,2.9000000953674316,2.9000000953674316,2.9000000953674316,10400
2.9000000953674316,2.9000000953674316,2.9000000953674316,2.9000000953674316,2.9000000953674316,10400
2.9000000953674316,2.9000000953674316,2.9000000953674316,2.9000000953674316,2.9000000953674316,10400
2.9000000953674316,2.9000000953674316,2.9000000953674316,2.9000000953674316,2.9000000953674316,10400
0.8849999904632568,0.8849999904632568,0.8809999823570251,0.8820000290870667,0.8820000290870667,0
2.9000000953674316,2.9000000953674316,2.9000000953674316,2.9000000953674316,2.9000000953674316,10400
2.9000000953674316,2.9000000953674316,2.9000000953674316,2.9000000953674316,2.9000000953674316,10400
2.9000000953674316,2.9000000953674316,2.9000000953674316,2.9000000953674316,2.9000000953674316,10400
2.9000000953674316,2.9000000953674316,2.9000000953674316,2.9000000953674316,2.9000000953674316,10400
0.7599999904632568,0.7670000195503235,0.7599999904632568,0.7639999985694885,0.7639999985694885,0
2.9000000953674316,2.9000000953674316,2.9000000953674316,2.9000000953674316,2.9000000953674316,10400
2.9000000953674316,2.9000000953674316,2.9000000953674316,2.9000000953674316,2.9000000953674316,10400
2.9000000953674316,2.9000000953674316,2.9000000953674316,2.9000000953674316,2.9000000953674316,10400
2.9000000953674316,2.9000000953674316,2.9000000953674316,2.9000000953674316,2.9000000953674316,10400
0.7429999709129333,0.7509999871253967,0.7379999756813049,0.7490000128746033,0.7490000128746033,0
2.9000000953674316,2.9000000953674316,2.9000000953674316,2.9000000953674316,2.9000000953674316,10400
2.9000000953674316,2.9000000953674316,2.9000000953674316,2.9000000953674316,2.9000000953674316,10400
2.9000000953674316,2.9000000953674316,2.9000000953674316,2.9000000953674316,2.9000000953674316,10400
0.7509999871253967,0.7519999742507935,0.7490000128746033,0.75,0.75,0
2.9000000953674316,2.9000000953674316,2.9000000953674316,2.9000000953674316,2.9000000953674316,10400
2.9000000953674316,2.9000000953674316,2.9000000953674316,2.9000000953674316,2.9000000953674316,10400
2.9000000953674316,2.9000000953674316,2.9000000953674316,2.9000000953674316,2.9000000953674316,10400
2.609999895095825,2.609999895095825,2.609999895095825,2.609999895095825,2.609999895095825,1000
0.6970000267028809,0.6970000267028809,0.6790000200271606,0.6790000200271606,0.6790000200271606,0
2.9100000858306885,2.9100000858306885,2.9100000858306885,2.9100000858306885,2.9100000858306885,663
2.9100000858306885,2.9100000858306885,2.9100000858306885,2.9100000858306885,2.9100000858306885,663
2.9100000858306885,2.9100000858306885,2.9100000858306885,2.9100000858306885,2.9100000858306885,663
2.9100000858306885,2.9100000858306885,2.9100000858306885,2.9100000858306885,2.9100000858306885,663
0.6990000009536743,0.7080000042915344,0.6980000138282776,0.6980000138282776,0.6980000138282776,0
2.9100000858306885,2.9100000858306885,2.9100000858306885,2.9100000858306885,2.9100000858306885,663
2.9100000858306885,2.9100000858306885,2.9100000858306885,2.9100000858306885,2.9100000858306885,663
2.9100000858306885,2.9100000858306885,2.9100000858306885,2.9100000858306885,2.9100000858306885,663
2.9100000858306885,2.9100000858306885,2.9100000858306885,2.9100000858306885,2.9100000858306885,663
0.7229999899864197,0.7730000019073486,0.7229999899864197,0.7720000147819519,0.7720000147819519,0
2.9100000858306885,2.9100000858306885,2.9100000858306885,2.9100000858306885,2.9100000858306885,663
2.9100000858306885,2.9100000858306885,2.9100000858306885,2.9100000858306885,2.9100000858306885,663
2.9100000858306885,2.9100000858306885,2.9100000858306885,2.9100000858306885,2.9100000858306885,663
2.9100000858306885,2.9100000858306885,2.9100000858306885,2.9100000858306885,2.9100000858306885,663
0.6169999837875366,0.6430000066757202,0.6129999756813049,0.6430000066757202,0.6430000066757202,0
2.9100000858306885,2.9100000858306885,2.9100000858306885,2.9100000858306885,2.9100000858306885,663
2.9100000858306885,2.9100000858306885,2.9100000858306885,2.9100000858306885,2.9100000858306885,663
2.9100000858306885,2.9100000858306885,2.9100000858306885,2.9100000858306885,2.9100000858306885,663
2.9100000858306885,2.9100000858306885,2.9100000858306885,2.9100000858306885,2.9100000858306885,663
2.9100000858306885,2.9100000858306885,2.9100000858306885,2.9100000858306885,2.9100000858306885,663
2.9100000858306885,2.9100000858306885,2.9100000858306885,2.9100000858306885,2.9100000858306885,663
2.9100000858306885,2.9100000858306885,2.9100000858306885,2.9100000858306885,2.9100000858306885,663
2.9100000858306885,2.9100000858306885,2.9100000858306885,2.9100000858306885,2.9100000858306885,663
0.5799999833106995,0.5799999833106995,0.574999988079071,0.574999988079071,0.574999988079071,0
2.9100000858306885,2.9100000858306885,2.9100000858306885,2.9100000858306885,2.9100000858306885,663
2.9100000858306885,2.9100000858306885,2.9100000858306885,2.9100000858306885,2.9100000858306885,663
2.9100000858306885,2.9100000858306885,2.9100000858306885,2.9100000858306885,2.9100000858306885,663
2.9100000858306885,2.9100000858306885,2.9100000858306885,2.9100000858306885,2.9100000858306885,663
0.5460000038146973,0.5479999780654907,0.5429999828338623,0.5479999780654907,0.5479999780654907,0
2.9100000858306885,2.9100000858306885,2.9100000858306885,2.9100000858306885,2.9100000858306885,663
2.9100000858306885,2.9100000858306885,2.9100000858306885,2.9100000858306885,2.9100000858306885,663
2.9100000858306885,2.9100000858306885,2.9100000858306885,2.9100000858306885,2.9100000858306885,663
2.9100000858306885,2.9100000858306885,2.9100000858306885,2.9100000858306885,2.9100000858306885,663
0.6069999933242798,0.6069999933242798,0.6060000061988831,0.6060000061988831,0.6060000061988831,0
2.9100000858306885,2.9100000858306885,2.9100000858306885,2.9100000858306885,2.9100000858306885,663
2.9100000858306885,2.9100000858306885,2.9100000858306885,2.9100000858306885,2.9100000858306885,663
2.9100000858306885,2.9100000858306885,2.9100000858306885,2.9100000858306885,2.9100000858306885,663
2.9100000858306885,2.9100000858306885,2.9100000858306885,2.9100000858306885,2.9100000858306885,663
0.5989999771118164,0.5989999771118164,0.5849999785423279,0.5849999785423279,0.5849999785423279,0
2.9100000858306885,2.9100000858306885,2.9100000858306885,2.9100000858306885,2.9100000858306885,530
2.9100000858306885,2.9100000858306885,2.9100000858306885,2.9100000858306885,2.9100000858306885,530
2.9100000858306885,2.9100000858306885,2.9100000858306885,2.9100000858306885,2.9100000858306885,530
3.0999999046325684,3.3399999141693115,3.0999999046325684,3.3399999141693115,3.3399999141693115,4407
0.6100000143051147,0.6100000143051147,0.6029999852180481,0.6050000190734863,0.6050000190734863,0
3.0999999046325684,3.3399999141693115,3.0999999046325684,3.3399999141693115,3.3399999141693115,4407
3.0999999046325684,3.3399999141693115,3.0999999046325684,3.3399999141693115,3.3399999141693115,4407
3.0999999046325684,3.3399999141693115,3.0999999046325684,3.3399999141693115,3.3399999141693115,4407
3.0999999046325684,3.3399999141693115,3.0999999046325684,3.3399999141693115,3.3399999141693115,4407
0.609000027179718,0.6380000114440918,0.609000027179718,0.6370000243186951,0.6370000243186951,0
3.0999999046325684,3.3399999141693115,3.0999999046325684,3.3399999141693115,3.3399999141693115,4407
3.0999999046325684,3.3399999141693115,3.0999999046325684,3.3399999141693115,3.3399999141693115,4407
3.0999999046325684,3.3399999141693115,3.0999999046325684,3.3399999141693115,3.3399999141693115,4407
3.0999999046325684,3.3399999141693115,3.0999999046325684,3.3399999141693115,3.3399999141693115,4407
0.6539999842643738,0.6700000166893005,0.6539999842643738,0.6700000166893005,0.6700000166893005,0
3.0999999046325684,3.3399999141693115,3.0999999046325684,3.3399999141693115,3.3399999141693115,4407
3.0999999046325684,3.3399999141693115,3.0999999046325684,3.3399999141693115,3.3399999141693115,4407
3.0999999046325684,3.3399999141693115,3.0999999046325684,3.3399999141693115,3.3399999141693115,4407
3.0999999046325684,3.3399999141693115,3.0999999046325684,3.3399999141693115,3.3399999141693115,4407
0.574999988079071,0.5789999961853027,0.5720000267028809,0.5720000267028809,0.5720000267028809,0
3.0999999046325684,3.3399999141693115,3.0999999046325684,3.3399999141693115,3.3399999141693115,4407
3.0999999046325684,3.3399999141693115,3.0999999046325684,3.3399999141693115,3.3399999141693115,4407
3.009999990463257,3.009999990463257,3.009999990463257,3.009999990463257,3.009999990463257,1025
0.5669999718666077,0.5669999718666077,0.5540000200271606,0.5540000200271606,0.5540000200271606,0
2.7100000381469727,2.7100000381469727,2.7100000381469727,2.7100000381469727,2.7100000381469727,5612
2.7100000381469727,2.7100000381469727,2.7100000381469727,2.7100000381469727,2.7100000381469727,5612
2.7100000381469727,2.7100000381469727,2.7100000381469727,2.7100000381469727,2.7100000381469727,5612
2.7100000381469727,2.7100000381469727,2.7100000381469727,2.7100000381469727,2.7100000381469727,0
0.5419999957084656,0.5419999957084656,0.5329999923706055,0.5329999923706055,0.5329999923706055,0
2.7100000381469727,2.7100000381469727,2.7100000381469727,2.7100000381469727,2.7100000381469727,5612
2.7100000381469727,2.7100000381469727,2.7100000381469727,2.7100000381469727,2.7100000381469727,5612
2.7100000381469727,2.7100000381469727,2.7100000381469727,2.7100000381469727,2.7100000381469727,5612
2.7100000381469727,2.7100000381469727,2.7100000381469727,2.7100000381469727,2.7100000381469727,5612
0.5019999742507935,0.5019999742507935,0.5009999871253967,0.5019999742507935,0.5019999742507935,0
2.7100000381469727,2.7100000381469727,2.7100000381469727,2.7100000381469727,2.7100000381469727,5612
2.7100000381469727,2.7100000381469727,2.7100000381469727,2.7100000381469727,2.7100000381469727,5612
2.7100000381469727,2.7100000381469727,2.7100000381469727,2.7100000381469727,2.7100000381469727,5612
2.7100000381469727,2.7100000381469727,2.7100000381469727,2.7100000381469727,2.7100000381469727,5612
0.4620000123977661,0.4620000123977661,0.4059999883174896,0.4059999883174896,0.4059999883174896,0
3.109999895095825,3.109999895095825,3.109999895095825,3.109999895095825,3.109999895095825,5000
3.109999895095825,3.109999895095825,3.109999895095825,3.109999895095825,3.109999895095825,5000
3.109999895095825,3.109999895095825,3.109999895095825,3.109999895095825,3.109999895095825,5000
3.109999895095825,3.109999895095825,3.109999895095825,3.109999895095825,3.109999895095825,5000
0.4000000059604645,0.4099999964237213,0.4000000059604645,0.4090000092983246,0.4090000092983246,0
3.109999895095825,3.109999895095825,3.109999895095825,3.109999895095825,3.109999895095825,5000
3.109999895095825,3.109999895095825,3.109999895095825,3.109999895095825,3.109999895095825,5000
3.109999895095825,3.109999895095825,3.109999895095825,3.109999895095825,3.109999895095825,5000
0.4429999887943268,0.4429999887943268,0.4410000145435333,0.44200000166893005,0.44200000166893005,0
3.109999895095825,3.109999895095825,3.109999895095825,3.109999895095825,3.109999895095825,5000
3.109999895095825,3.109999895095825,3.109999895095825,3.109999895095825,3.109999895095825,5000
3.109999895095825,3.109999895095825,3.109999895095825,3.109999895095825,3.109999895095825,5000
3.109999895095825,3.109999895095825,3.109999895095825,3.109999895095825,3.109999895095825,5000
0.4790000021457672,0.4790000021457672,0.47200000286102295,0.4779999852180481,0.4779999852180481,0
3.109999895095825,3.109999895095825,3.109999895095825,3.109999895095825,3.109999895095825,5000
3.109999895095825,3.109999895095825,3.109999895095825,3.109999895095825,3.109999895095825,5000
3.109999895095825,3.109999895095825,3.109999895095825,3.109999895095825,3.109999895095825,5000
3.109999895095825,3.109999895095825,3.109999895095825,3.109999895095825,3.109999895095825,5000
0.4399999976158142,0.4440000057220459,0.4399999976158142,0.4429999887943268,0.4429999887943268,0
3.109999895095825,3.109999895095825,3.109999895095825,3.109999895095825,3.109999895095825,5000
3.109999895095825,3.109999895095825,3.109999895095825,3.109999895095825,3.109999895095825,5000
3.109999895095825,3.109999895095825,3.109999895095825,3.109999895095825,3.109999895095825,5000
3.109999895095825,3.109999895095825,3.109999895095825,3.109999895095825,3.109999895095825,5000
0.40400001406669617,0.40400001406669617,0.39800000190734863,0.39800000190734863,0.39800000190734863,0
3.109999895095825,3.109999895095825,3.109999895095825,3.109999895095825,3.109999895095825,5000
3.109999895095825,3.109999895095825,3.109999895095825,3.109999895095825,3.109999895095825,5000
3.109999895095825,3.109999895095825,3.109999895095825,3.109999895095825,3.109999895095825,5000
3.109999895095825,3.109999895095825,3.109999895095825,3.109999895095825,3.109999895095825,5000
0.33399999141693115,0.33399999141693115,0.32199999690055847,0.32199999690055847,0.32199999690055847,0
3.109999895095825,3.109999895095825,3.109999895095825,3.109999895095825,3.109999895095825,5000
3.109999895095825,3.109999895095825,3.109999895095825,3.109999895095825,3.109999895095825,5000
3.109999895095825,3.109999895095825,3.109999895095825,3.109999895095825,3.109999895095825,0
3.109999895095825,3.109999895095825,3.109999895095825,3.109999895095825,3.109999895095825,0
0.32100000977516174,0.32100000977516174,0.32100000977516174,0.32100000977516174,0.32100000977516174,0
3.109999895095825,3.109999895095825,3.109999895095825,3.109999895095825,3.109999895095825,5000
3.109999895095825,3.109999895095825,3.109999895095825,3.109999895095825,3.109999895095825,5000
3.109999895095825,3.109999895095825,3.109999895095825,3.109999895095825,3.109999895095825,5000
3.109999895095825,3.109999895095825,3.109999895095825,3.109999895095825,3.109999895095825,5000
0.3269999921321869,0.3269999921321869,0.31299999356269836,0.3140000104904175,0.3140000104904175,0
3.109999895095825,3.109999895095825,3.109999895095825,3.109999895095825,3.109999895095825,5000
3.109999895095825,3.109999895095825,3.109999895095825,3.109999895095825,3.109999895095825,5000
3.109999895095825,3.109999895095825,3.109999895095825,3.109999895095825,3.109999895095825,5000
3.109999895095825,3.109999895095825,3.109999895095825,3.109999895095825,3.109999895095825,5000
0.2939999997615814,0.2939999997615814,0.289000004529953,0.289000004529953,0.289000004529953,0
3.569999933242798,3.569999933242798,3.569999933242798,3.569999933242798,3.569999933242798,11000
3.569999933242798,3.569999933242798,3.569999933242798,3.569999933242798,3.569999933242798,11000
3.569999933242798,3.569999933242798,3.569999933242798,3.569999933242798,3.569999933242798,11000
3.569999933242798,3.569999933242798,3.569999933242798,3.569999933242798,3.569999933242798,11000
0.2669999897480011,0.2669999897480011,0.2630000114440918,0.26600000262260437,0.26600000262260437,0
3.569999933242798,3.569999933242798,3.569999933242798,3.569999933242798,3.569999933242798,11000
3.569999933242798,3.569999933242798,3.569999933242798,3.569999933242798,3.569999933242798,11000
3.569999933242798,3.569999933242798,3.569999933242798,3.569999933242798,3.569999933242798,11000
0.2809999883174896,0.2809999883174896,0.2759999930858612,0.2770000100135803,0.2770000100135803,0
3.2200000286102295,3.2200000286102295,3.2200000286102295,3.2200000286102295,3.2200000286102295,16000
3.2200000286102295,3.2200000286102295,3.2200000286102295,3.2200000286102295,3.2200000286102295,16000
3.2200000286102295,3.2200000286102295,3.2200000286102295,3.2200000286102295,3.2200000286102295,16000
3.2200000286102295,3.2200000286102295,3.2200000286102295,3.2200000286102295,3.2200000286102295,16000
0.3149999976158142,0.3179999887943268,0.3149999976158142,0.3179999887943268,0.3179999887943268,0
3.2200000286102295,3.2200000286102295,3.2200000286102295,3.2200000286102295,3.2200000286102295,16000
3.2200000286102295,3.2200000286102295,3.2200000286102295,3.2200000286102295,3.2200000286102295,16000
3.2200000286102295,3.2200000286102295,3.2200000286102295,3.2200000286102295,3.2200000286102295,16000
3.2100000381469727,3.2100000381469727,3.2100000381469727,3.2100000381469727,3.2100000381469727,7050
0.3100000023841858,0.31200000643730164,0.28999999165534973,0.28999999165534973,0.28999999165534973,0
3.2200000286102295,3.2200000286102295,3.2200000286102295,3.2200000286102295,3.2200000286102295,104860
3.109999895095825,3.109999895095825,3.109999895095825,3.109999895095825,3.109999895095825,700
3.109999895095825,3.109999895095825,3.109999895095825,3.109999895095825,3.109999895095825,700
3.109999895095825,3.109999895095825,3.109999895095825,3.109999895095825,3.109999895095825,700
0.3019999861717224,0.3019999861717224,0.3009999990463257,0.3019999861717224,0.3019999861717224,2000
3.109999895095825,3.109999895095825,3.109999895095825,3.109999895095825,3.109999895095825,700
3.109999895095825,3.109999895095825,3.109999895095825,3.109999895095825,3.109999895095825,700
3.109999895095825,3.109999895095825,3.109999895095825,3.109999895095825,3.109999895095825,700
3.200000047683716,3.200000047683716,3.200000047683716,3.200000047683716,3.200000047683716,5000
0.3019999861717224,0.3019999861717224,0.3009999990463257,0.3019999861717224,0.3019999861717224,2000
3.200000047683716,3.200000047683716,3.200000047683716,3.200000047683716,3.200000047683716,5000
3.200000047683716,3.200000047683716,3.200000047683716,3.200000047683716,3.200000047683716,5000
3.200000047683716,3.200000047683716,3.200000047683716,3.200000047683716,3.200000047683716,5000
3.200000047683716,3.200000047683716,3.200000047683716,3.200000047683716,3.200000047683716,5000
0.3619999885559082,0.3619999885559082,0.3580000102519989,0.35899999737739563,0.35899999737739563,2000
3.200000047683716,3.200000047683716,3.200000047683716,3.200000047683716,3.200000047683716,0
3.200000047683716,3.200000047683716,3.200000047683716,3.200000047683716,3.200000047683716,0
3.200000047683716,3.200000047683716,3.200000047683716,3.200000047683716,3.200000047683716,0
3.200000047683716,3.200000047683716,3.200000047683716,3.200000047683716,3.200000047683716,0
0.375,0.37700000405311584,0.375,0.375,0.375,2000
3.680000066757202,3.680000066757202,3.680000066757202,3.680000066757202,3.680000066757202,5000
3.5999999046325684,3.680000066757202,3.380000114440918,3.5999999046325684,3.5999999046325684,42412
3.640000104904175,3.700000047683716,3.640000104904175,3.700000047683716,3.700000047683716,36588
3.640000104904175,3.700000047683716,3.640000104904175,3.700000047683716,3.700000047683716,36588
0.4000000059604645,0.40400001406669617,0.4000000059604645,0.40400001406669617,0.40400001406669617,2000
3.640000104904175,3.700000047683716,3.640000104904175,3.700000047683716,3.700000047683716,36588
3.3499999046325684,3.6500000953674316,3.3499999046325684,3.6500000953674316,3.6500000953674316,36588
3.3499999046325684,3.6500000953674316,3.3499999046325684,3.6500000953674316,3.6500000953674316,36588
3.3499999046325684,3.6500000953674316,3.3499999046325684,3.6500000953674316,3.6500000953674316,36588
0.41999998688697815,0.41999998688697815,0.41999998688697815,0.41999998688697815,0.41999998688697815,0
3.6500000953674316,3.6500000953674316,3.6500000953674316,3.6500000953674316,3.6500000953674316,0
3.3499999046325684,3.6500000953674316,3.3499999046325684,3.6500000953674316,3.6500000953674316,36588
3.3499999046325684,3.6500000953674316,3.3499999046325684,3.6500000953674316,3.6500000953674316,36588
3.3499999046325684,3.6500000953674316,3.3499999046325684,3.6500000953674316,3.6500000953674316,36588
0.40799999237060547,0.41600000858306885,0.40799999237060547,0.41600000858306885,0.41600000858306885,2000
3.3499999046325684,3.6500000953674316,3.3499999046325684,3.6500000953674316,3.6500000953674316,36588
3.3499999046325684,3.6500000953674316,3.3499999046325684,3.6500000953674316,3.6500000953674316,36588
3.3499999046325684,3.6500000953674316,3.3499999046325684,3.6500000953674316,3.6500000953674316,36588
3.3499999046325684,3.6500000953674316,3.3499999046325684,3.6500000953674316,3.6500000953674316,36588
0.39800000190734863,0.4399999976158142,0.4399999976158142,0.39899998903274536,0.39899998903274536,2000
3.3499999046325684,3.6500000953674316,3.3499999046325684,3.6500000953674316,3.6500000953674316,36588
3.3499999046325684,3.6500000953674316,3.3499999046325684,3.6500000953674316,3.6500000953674316,36588
3.3499999046325684,3.6500000953674316,3.3499999046325684,3.6500000953674316,3.6500000953674316,36588
3.3499999046325684,3.6500000953674316,3.3499999046325684,3.6500000953674316,3.6500000953674316,36588
0.3970000147819519,0.39800000190734863,0.3970000147819519,0.3970000147819519,0.3970000147819519,2000
3.3499999046325684,3.6500000953674316,3.3499999046325684,3.6500000953674316,3.6500000953674316,36588
3.3499999046325684,3.6500000953674316,3.3499999046325684,3.6500000953674316,3.6500000953674316,36588
3.3499999046325684,3.6500000953674316,3.3499999046325684,3.6500000953674316,3.6500000953674316,36588
0.40400001406669617,0.40400001406669617,0.40400001406669617,0.40400001406669617,0.40400001406669617,2000
3.3499999046325684,3.6500000953674316,3.3499999046325684,3.6500000953674316,3.6500000953674316,36588
3.3499999046325684,3.6500000953674316,3.3499999046325684,3.6500000953674316,3.6500000953674316,36588
3.3499999046325684,3.6500000953674316,3.3499999046325684,3.6500000953674316,3.6500000953674316,36588
3.3499999046325684,3.6500000953674316,3.3499999046325684,3.6500000953674316,3.6500000953674316,36588
0.49900001287460327,0.49900001287460327,0.49900001287460327,0.49900001287460327,0.49900001287460327,2000
3.3499999046325684,3.6500000953674316,3.3499999046325684,3.6500000953674316,3.6500000953674316,36588
3.3499999046325684,3.6500000953674316,3.3499999046325684,3.6500000953674316,3.6500000953674316,36588
3.3499999046325684,3.6500000953674316,3.3499999046325684,3.6500000953674316,3.6500000953674316,36588
3.3499999046325684,3.6500000953674316,3.3499999046325684,3.6500000953674316,3.6500000953674316,36588
0.46399998664855957,0.46399998664855957,0.45399999618530273,0.45399999618530273,0.45399999618530273,2000
3.8299999237060547,3.8299999237060547,3.8299999237060547,3.8299999237060547,3.8299999237060547,1200
3.8299999237060547,3.8299999237060547,3.8299999237060547,3.8299999237060547,3.8299999237060547,1200
3.8299999237060547,3.8299999237060547,3.8299999237060547,3.8299999237060547,3.8299999237060547,1200
3.8299999237060547,3.8299999237060547,3.8299999237060547,3.8299999237060547,3.8299999237060547,1200
0.4779999852180481,0.48500001430511475,0.4779999852180481,0.48500001430511475,0.48500001430511475,2000
3.8299999237060547,3.8299999237060547,3.8299999237060547,3.8299999237060547,3.8299999237060547,1200
3.8299999237060547,3.8299999237060547,3.8299999237060547,3.8299999237060547,3.8299999237060547,1200
3.8299999237060547,3.8299999237060547,3.8299999237060547,3.8299999237060547,3.8299999237060547,1200
0.5220000147819519,0.5260000228881836,0.5220000147819519,0.5260000228881836,0.5260000228881836,2000
3.8299999237060547,3.8299999237060547,3.8299999237060547,3.8299999237060547,3.8299999237060547,1200
3.8299999237060547,3.8299999237060547,3.8299999237060547,3.8299999237060547,3.8299999237060547,1200
3.8299999237060547,3.8299999237060547,3.8299999237060547,3.8299999237060547,3.8299999237060547,1200
0.5080000162124634,0.5099999904632568,0.5080000162124634,0.5099999904632568,0.5099999904632568,2000
3.8299999237060547,3.8299999237060547,3.8299999237060547,3.8299999237060547,3.8299999237060547,1200
3.8299999237060547,3.8299999237060547,3.8299999237060547,3.8299999237060547,3.8299999237060547,1200
3.8299999237060547,3.8299999237060547,3.8299999237060547,3.8299999237060547,3.8299999237060547,1200
3.8299999237060547,3.8299999237060547,3.8299999237060547,3.8299999237060547,3.8299999237060547,1200
0.49000000953674316,0.49000000953674316,0.47099998593330383,0.47099998593330383,0.47099998593330383,2000
3.8299999237060547,3.8299999237060547,3.8299999237060547,3.8299999237060547,3.8299999237060547,1200
3.8299999237060547,3.8299999237060547,3.8299999237060547,3.8299999237060547,3.8299999237060547,0
3.8299999237060547,3.8299999237060547,3.8299999237060547,3.8299999237060547,3.8299999237060547,1200
3.8299999237060547,3.8299999237060547,3.8299999237060547,3.8299999237060547,3.8299999237060547,1200
0.46399998664855957,0.46399998664855957,0.4569999873638153,0.4569999873638153,0.4569999873638153,2000
3.8299999237060547,3.8299999237060547,3.8299999237060547,3.8299999237060547,3.8299999237060547,1200
3.8299999237060547,3.8299999237060547,3.8299999237060547,3.8299999237060547,3.8299999237060547,1200
3.8299999237060547,3.8299999237060547,3.8299999237060547,3.8299999237060547,3.8299999237060547,1200
0.4429999887943268,0.4429999887943268,0.4339999854564667,0.4339999854564667,0.4339999854564667,2000
3.8299999237060547,3.8299999237060547,3.8299999237060547,3.8299999237060547,3.8299999237060547,1200
3.8299999237060547,3.8299999237060547,3.8299999237060547,3.8299999237060547,3.8299999237060547,1200
3.8299999237060547,3.8299999237060547,3.8299999237060547,3.8299999237060547,3.8299999237060547,1200
3.8299999237060547,3.8299999237060547,3.8299999237060547,3.8299999237060547,3.8299999237060547,1200
0.3959999978542328,0.3970000147819519,0.39500001072883606,0.39500001072883606,0.39500001072883606,2000
3.8299999237060547,3.8299999237060547,3.8299999237060547,3.8299999237060547,3.8299999237060547,1200
3.8299999237060547,3.8299999237060547,3.8299999237060547,3.8299999237060547,3.8299999237060547,1200
3.8299999237060547,3.8299999237060547,3.8299999237060547,3.8299999237060547,3.8299999237060547,1200
3.8299999237060547,3.8299999237060547,3.8299999237060547,3.8299999237060547,3.8299999237060547,1200
0.40700000524520874,0.41999998688697815,0.40700000524520874,0.41999998688697815,0.41999998688697815,2000
3.8299999237060547,3.8299999237060547,3.8299999237060547,3.8299999237060547,3.8299999237060547,1200
3.8299999237060547,3.8299999237060547,3.8299999237060547,3.8299999237060547,3.8299999237060547,1200
3.8299999237060547,3.8299999237060547,3.8299999237060547,3.8299999237060547,3.8299999237060547,1200
3.8299999237060547,3.8299999237060547,3.8299999237060547,3.8299999237060547,3.8299999237060547,1200
0.38199999928474426,0.38600000739097595,0.38199999928474426,0.38600000739097595,0.38600000739097595,2000
3.8299999237060547,3.8299999237060547,3.8299999237060547,3.8299999237060547,3.8299999237060547,1200
3.8299999237060547,3.8299999237060547,3.8299999237060547,3.8299999237060547,3.8299999237060547,1200
3.8299999237060547,3.8299999237060547,3.8299999237060547,3.8299999237060547,3.8299999237060547,1200
0.39399999380111694,0.39500001072883606,0.39399999380111694,0.39500001072883606,0.39500001072883606,2000
3.8299999237060547,3.8299999237060547,3.8299999237060547,3.8299999237060547,3.8299999237060547,1200
3.8299999237060547,3.8299999237060547,3.8299999237060547,3.8299999237060547,3.8299999237060547,1200
3.8299999237060547,3.8299999237060547,3.8299999237060547,3.8299999237060547,3.8299999237060547,1200
3.8299999237060547,3.8299999237060547,3.8299999237060547,3.8299999237060547,3.8299999237060547,1200
0.4000000059604645,0.4180000126361847,0.4000000059604645,0.4180000126361847,0.4180000126361847,2000
3.8299999237060547,3.8299999237060547,3.8299999237060547,3.8299999237060547,3.8299999237060547,1200
3.8299999237060547,3.8299999237060547,3.8299999237060547,3.8299999237060547,3.8299999237060547,1200
3.8299999237060547,3.8299999237060547,3.8299999237060547,3.8299999237060547,3.8299999237060547,1200
3.8299999237060547,3.8299999237060547,3.8299999237060547,3.8299999237060547,3.8299999237060547,1200
0.5659999847412109,0.5659999847412109,0.5590000152587891,0.5619999766349792,0.5619999766349792,2000
3.8299999237060547,3.8299999237060547,3.8299999237060547,3.8299999237060547,3.8299999237060547,1200
3.8299999237060547,3.8299999237060547,3.8299999237060547,3.8299999237060547,3.8299999237060547,1200
3.8299999237060547,3.8299999237060547,3.8299999237060547,3.8299999237060547,3.8299999237060547,1200
3.8299999237060547,3.8299999237060547,3.8299999237060547,3.8299999237060547,3.8299999237060547,1200
0.5139999985694885,0.5249999761581421,0.5139999985694885,0.5249999761581421,0.5249999761581421,2000
3.8299999237060547,3.8299999237060547,3.8299999237060547,3.8299999237060547,3.8299999237060547,1200
3.8299999237060547,3.8299999237060547,3.8299999237060547,3.8299999237060547,3.8299999237060547,1200
3.8299999237060547,3.8299999237060547,3.8299999237060547,3.8299999237060547,3.8299999237060547,1200
3.8299999237060547,3.8299999237060547,3.8299999237060547,3.8299999237060547,3.8299999237060547,1200
0.5289999842643738,0.5329999923706055,0.5289999842643738,0.5329999923706055,0.5329999923706055,2000
3.8299999237060547,3.8299999237060547,3.8299999237060547,3.8299999237060547,3.8299999237060547,1200
3.8299999237060547,3.8299999237060547,3.8299999237060547,3.8299999237060547,3.8299999237060547,1200
3.8299999237060547,3.8299999237060547,3.8299999237060547,3.8299999237060547,3.8299999237060547,1200
3.8299999237060547,3.8299999237060547,3.8299999237060547,3.8299999237060547,3.8299999237060547,1200
0.6060000061988831,0.6060000061988831,0.6010000109672546,0.6010000109672546,0.6010000109672546,2000
3.8299999237060547,3.8299999237060547,3.8299999237060547,3.8299999237060547,3.8299999237060547,1200
3.8299999237060547,3.8299999237060547,3.8299999237060547,3.8299999237060547,3.8299999237060547,1200
3.8299999237060547,3.8299999237060547,3.8299999237060547,3.8299999237060547,3.8299999237060547,1200
3.8299999237060547,3.8299999237060547,3.8299999237060547,3.8299999237060547,3.8299999237060547,1200
0.6079999804496765,0.609000027179718,0.6079999804496765,0.609000027179718,0.609000027179718,2000
3.8299999237060547,3.8299999237060547,3.8299999237060547,3.8299999237060547,3.8299999237060547,1200
3.8299999237060547,3.8299999237060547,3.8299999237060547,3.8299999237060547,3.8299999237060547,1200
3.8299999237060547,3.8299999237060547,3.8299999237060547,3.8299999237060547,3.8299999237060547,1200
3.8299999237060547,3.8299999237060547,3.8299999237060547,3.8299999237060547,3.8299999237060547,1200
0.7950000166893005,0.8550000190734863,0.7950000166893005,0.8550000190734863,0.8550000190734863,2000
3.8299999237060547,3.8299999237060547,3.8299999237060547,3.8299999237060547,3.8299999237060547,1200
3.8299999237060547,3.8299999237060547,3.8299999237060547,3.8299999237060547,3.8299999237060547,1200
3.8299999237060547,3.8299999237060547,3.8299999237060547,3.8299999237060547,3.8299999237060547,1200
3.8299999237060547,3.8299999237060547,3.8299999237060547,3.8299999237060547,3.8299999237060547,1200
3.8299999237060547,3.8299999237060547,3.8299999237060547,3.8299999237060547,3.8299999237060547,1200
3.8299999237060547,3.8299999237060547,3.8299999237060547,3.8299999237060547,3.8299999237060547,1200
3.8299999237060547,3.8299999237060547,3.8299999237060547,3.8299999237060547,3.8299999237060547,1200
3.8299999237060547,3.8299999237060547,3.8299999237060547,3.8299999237060547,3.8299999237060547,1200
0.9039999842643738,0.9039999842643738,0.8989999890327454,0.8999999761581421,0.8999999761581421,2000
3.8299999237060547,3.8299999237060547,3.8299999237060547,3.8299999237060547,3.8299999237060547,1200
3.8299999237060547,3.8299999237060547,3.8299999237060547,3.8299999237060547,3.8299999237060547,1200
3.8299999237060547,3.8299999237060547,3.8299999237060547,3.8299999237060547,3.8299999237060547,1200
3.8299999237060547,3.8299999237060547,3.8299999237060547,3.8299999237060547,3.8299999237060547,1200
0.8360000252723694,0.8389999866485596,0.8289999961853027,0.8289999961853027,0.8289999961853027,2000
3.8299999237060547,3.8299999237060547,3.8299999237060547,3.8299999237060547,3.8299999237060547,1200
3.8299999237060547,3.8299999237060547,3.8299999237060547,3.8299999237060547,3.8299999237060547,1200
3.8299999237060547,3.8299999237060547,3.8299999237060547,3.8299999237060547,3.8299999237060547,1200
3.8299999237060547,3.8299999237060547,3.8299999237060547,3.8299999237060547,3.8299999237060547,1200
0.9399999976158142,0.9419999718666077,0.9399999976158142,0.9399999976158142,0.9399999976158142,2000
3.8299999237060547,3.8299999237060547,3.8299999237060547,3.8299999237060547,3.8299999237060547,1200
4.329999923706055,4.329999923706055,4.329999923706055,4.329999923706055,4.329999923706055,5000
4.329999923706055,4.329999923706055,4.329999923706055,4.329999923706055,4.329999923706055,5000
4.329999923706055,4.329999923706055,4.329999923706055,4.329999923706055,4.329999923706055,5000
1.1649999618530273,1.1720000505447388,1.1629999876022339,1.1720000505447388,1.1720000505447388,2000
4.329999923706055,4.329999923706055,4.329999923706055,4.329999923706055,4.329999923706055,5000
4.329999923706055,4.329999923706055,4.329999923706055,4.329999923706055,4.329999923706055,5000
4.329999923706055,4.329999923706055,4.329999923706055,4.329999923706055,4.329999923706055,5000
4.329999923706055,4.329999923706055,4.329999923706055,4.329999923706055,4.329999923706055,5000
1.3739999532699585,1.3799999952316284,1.3739999532699585,1.3799999952316284,1.3799999952316284,2000
4.96999979019165,4.96999979019165,4.849999904632568,4.849999904632568,4.849999904632568,3000
4.96999979019165,4.96999979019165,4.849999904632568,4.849999904632568,4.849999904632568,3000
4.96999979019165,4.96999979019165,4.849999904632568,4.849999904632568,4.849999904632568,3000
1.25,1.25,1.225000023841858,1.225000023841858,1.225000023841858,2000
4.96999979019165,4.96999979019165,4.849999904632568,4.849999904632568,4.849999904632568,3000
5.099999904632568,5.099999904632568,5.099999904632568,5.099999904632568,5.099999904632568,600
5.099999904632568,5.099999904632568,5.099999904632568,5.099999904632568,5.099999904632568,600
5.099999904632568,5.099999904632568,5.099999904632568,5.099999904632568,5.099999904632568,600
1.3609999418258667,1.3630000352859497,1.350000023841858,1.350000023841858,1.350000023841858,38000
5.099999904632568,5.099999904632568,5.099999904632568,5.099999904632568,5.099999904632568,600
5.099999904632568,5.099999904632568,5.099999904632568,5.099999904632568,5.099999904632568,600
5.099999904632568,5.099999904632568,5.099999904632568,5.099999904632568,5.099999904632568,600
5.099999904632568,5.099999904632568,5.099999904632568,5.099999904632568,5.099999904632568,600
1.2050000429153442,1.2050000429153442,1.1519999504089355,1.156000018119812,1.156000018119812,38000
5.099999904632568,5.099999904632568,5.099999904632568,5.099999904632568,5.099999904632568,600
5.099999904632568,5.099999904632568,5.099999904632568,5.099999904632568,5.099999904632568,600
5.099999904632568,5.099999904632568,5.099999904632568,5.099999904632568,5.099999904632568,600
5.099999904632568,5.099999904632568,5.099999904632568,5.099999904632568,5.099999904632568,600
1.1449999809265137,1.1449999809265137,1.1440000534057617,1.1440000534057617,1.1440000534057617,38000
5.099999904632568,5.099999904632568,5.099999904632568,5.099999904632568,5.099999904632568,600
4.590000152587891,4.590000152587891,4.590000152587891,4.590000152587891,4.590000152587891,4700
4.139999866485596,4.139999866485596,4.139999866485596,4.139999866485596,4.139999866485596,2000
4.139999866485596,4.199999809265137,4.139999866485596,4.199999809265137,4.199999809265137,11947
1.2630000114440918,1.277999997138977,1.2630000114440918,1.277999997138977,1.277999997138977,38000
4.139999866485596,4.199999809265137,4.139999866485596,4.199999809265137,4.199999809265137,11947
4.139999866485596,4.199999809265137,4.139999866485596,4.199999809265137,4.199999809265137,11947
4.199999809265137,4.199999809265137,4.199999809265137,4.199999809265137,4.199999809265137,20000
4.199999809265137,4.199999809265137,4.199999809265137,4.199999809265137,4.199999809265137,20000
4.199999809265137,4.199999809265137,4.199999809265137,4.199999809265137,4.199999809265137,0
4.199999809265137,4.199999809265137,4.199999809265137,4.199999809265137,4.199999809265137,0
4.829999923706055,4.829999923706055,4.829999923706055,4.829999923706055,4.829999923706055,7987
4.829999923706055,4.829999923706055,4.829999923706055,4.829999923706055,4.829999923706055,0
1.1890000104904175,1.1890000104904175,1.1640000343322754,1.1670000553131104,1.1670000553131104,38000
4.829999923706055,4.829999923706055,4.829999923706055,4.829999923706055,4.829999923706055,0
4.829999923706055,4.829999923706055,4.829999923706055,4.829999923706055,4.829999923706055,0
4.829999923706055,4.829999923706055,4.829999923706055,4.829999923706055,4.829999923706055,0
4.829999923706055,4.829999923706055,4.829999923706055,4.829999923706055,4.829999923706055,0
1.2289999723434448,1.2289999723434448,1.222000002861023,1.222000002861023,1.222000002861023,38000
4.550000190734863,4.550000190734863,4.550000190734863,4.550000190734863,4.550000190734863,2217
4.550000190734863,4.550000190734863,4.550000190734863,4.550000190734863,4.550000190734863,0
4.550000190734863,4.550000190734863,4.550000190734863,4.550000190734863,4.550000190734863,0
4.550000190734863,4.550000190734863,4.550000190734863,4.550000190734863,4.550000190734863,0
1.1729999780654907,1.1729999780654907,1.1519999504089355,1.1579999923706055,1.1579999923706055,38000
4.550000190734863,4.550000190734863,4.550000190734863,4.550000190734863,4.550000190734863,0
4.550000190734863,4.550000190734863,4.550000190734863,4.550000190734863,4.550000190734863,0
4.550000190734863,4.550000190734863,4.550000190734863,4.550000190734863,4.550000190734863,0
4.550000190734863,4.550000190734863,4.550000190734863,4.550000190734863,4.550000190734863,0
1.2059999704360962,1.2059999704360962,1.1679999828338623,1.1679999828338623,1.1679999828338623,0
4.550000190734863,4.550000190734863,4.550000190734863,4.550000190734863,4.550000190734863,0
4.550000190734863,4.550000190734863,4.550000190734863,4.550000190734863,4.550000190734863,0
4.550000190734863,4.550000190734863,4.550000190734863,4.550000190734863,4.550000190734863,0
4.550000190734863,4.550000190734863,4.550000190734863,4.550000190734863,4.550000190734863,0
1.121999979019165,1.1319999694824219,1.121999979019165,1.1319999694824219,1.1319999694824219,0
4.550000190734863,4.550000190734863,4.550000190734863,4.550000190734863,4.550000190734863,0
4.5,4.5,4.5,4.5,4.5,2000
4.5,4.5,4.5,4.5,4.5,0
4.5,4.5,4.5,4.5,4.5,0
1.0759999752044678,1.0759999752044678,1.0759999752044678,1.0759999752044678,1.0759999752044678,0
4.5,4.5,4.5,4.5,4.5,0
4.5,4.5,4.5,4.5,4.5,0
4.5,4.5,4.5,4.5,4.5,0
4.5,4.5,4.5,4.5,4.5,0
1.1629999876022339,1.1629999876022339,1.1540000438690186,1.159999966621399,1.159999966621399,0
4.5,4.5,4.5,4.5,4.5,0
5.150000095367432,5.150000095367432,5.150000095367432,5.150000095367432,5.150000095367432,5000
5.150000095367432,5.150000095367432,5.150000095367432,5.150000095367432,5.150000095367432,0
5.0,5.0,5.0,5.0,5.0,5000
1.1349999904632568,1.1349999904632568,1.1349999904632568,1.1349999904632568,1.1349999904632568,0
5.0,5.0,5.0,5.0,5.0,0
5.0,5.0,5.0,5.0,5.0,0
5.0,5.0,5.0,5.0,5.0,0
1.1059999465942383,1.1150000095367432,1.1059999465942383,1.1150000095367432,1.1150000095367432,0
5.21999979019165,5.21999979019165,5.21999979019165,5.21999979019165,5.21999979019165,5000
5.21999979019165,5.21999979019165,5.21999979019165,5.21999979019165,5.21999979019165,0
5.21999979019165,5.21999979019165,5.21999979019165,5.21999979019165,5.21999979019165,0
5.21999979019165,5.21999979019165,5.21999979019165,5.21999979019165,5.21999979019165,0
1.1089999675750732,1.1089999675750732,1.1030000448226929,1.1039999723434448,1.1039999723434448,0
5.21999979019165,5.21999979019165,5.21999979019165,5.21999979019165,5.21999979019165,0
5.21999979019165,5.21999979019165,5.21999979019165,5.21999979019165,5.21999979019165,0
5.21999979019165,5.21999979019165,5.21999979019165,5.21999979019165,5.21999979019165,0
5.21999979019165,5.21999979019165,5.21999979019165,5.21999979019165,5.21999979019165,0
1.1790000200271606,1.1790000200271606,1.1790000200271606,1.1790000200271606,1.1790000200271606,0
5.21999979019165,5.21999979019165,5.21999979019165,5.21999979019165,5.21999979019165,0
5.21999979019165,5.21999979019165,5.21999979019165,5.21999979019165,5.21999979019165,0
5.21999979019165,5.21999979019165,5.21999979019165,5.21999979019165,5.21999979019165,0
5.21999979019165,5.21999979019165,5.21999979019165,5.21999979019165,5.21999979019165,0
1.1790000200271606,1.1790000200271606,1.1790000200271606,1.1790000200271606,1.1790000200271606,0
5.21999979019165,5.21999979019165,5.21999979019165,5.21999979019165,5.21999979019165,0
5.21999979019165,5.21999979019165,5.21999979019165,5.21999979019165,5.21999979019165,0
5.21999979019165,5.21999979019165,5.21999979019165,5.21999979019165,5.21999979019165,0
5.21999979019165,5.21999979019165,5.21999979019165,5.21999979019165,5.21999979019165,0
1.1790000200271606,1.1790000200271606,1.1790000200271606,1.1790000200271606,1.1790000200271606,0
5.21999979019165,5.21999979019165,5.21999979019165,5.21999979019165,5.21999979019165,0
5.21999979019165,5.21999979019165,5.21999979019165,5.21999979019165,5.21999979019165,5000
5.21999979019165,5.21999979019165,5.21999979019165,5.21999979019165,5.21999979019165,0
5.21999979019165,5.21999979019165,5.21999979019165,5.21999979019165,5.21999979019165,0
1.1790000200271606,1.1790000200271606,1.1790000200271606,1.1790000200271606,1.1790000200271606,0
5.21999979019165,5.21999979019165,5.21999979019165,5.21999979019165,5.21999979019165,0
5.21999979019165,5.21999979019165,5.21999979019165,5.21999979019165,5.21999979019165,0
5.21999979019165,5.21999979019165,5.21999979019165,5.21999979019165,5.21999979019165,0
5.21999979019165,5.21999979019165,5.21999979019165,5.21999979019165,5.21999979019165,0
1.1790000200271606,1.1790000200271606,1.1790000200271606,1.1790000200271606,1.1790000200271606,0
5.21999979019165,5.21999979019165,5.21999979019165,5.21999979019165,5.21999979019165,0
5.21999979019165,5.21999979019165,5.21999979019165,5.21999979019165,5.21999979019165,0
5.21999979019165,5.21999979019165,5.21999979019165,5.21999979019165,5.21999979019165,0
5.21999979019165,5.21999979019165,5.21999979019165,5.21999979019165,5.21999979019165,0
1.1790000200271606,1.1790000200271606,1.1790000200271606,1.1790000200271606,1.1790000200271606,0
5.21999979019165,5.21999979019165,5.21999979019165,5.21999979019165,5.21999979019165,0
5.21999979019165,5.21999979019165,5.21999979019165,5.21999979019165,5.21999979019165,0
5.21999979019165,5.21999979019165,5.21999979019165,5.21999979019165,5.21999979019165,0
5.21999979019165,5.21999979019165,5.21999979019165,5.21999979019165,5.21999979019165,0
1.1790000200271606,1.1790000200271606,1.1790000200271606,1.1790000200271606,1.1790000200271606,0
5.21999979019165,5.21999979019165,5.21999979019165,5.21999979019165,5.21999979019165,0
5.0,5.0,5.0,5.0,5.0,5000
5.0,5.0,5.0,5.0,5.0,0
5.0,5.0,5.0,5.0,5.0,0
1.1790000200271606,1.1790000200271606,1.1790000200271606,1.1790000200271606,1.1790000200271606,0
5.0,5.0,5.0,5.0,5.0,0
5.0,5.0,5.0,5.0,5.0,0
5.0,5.0,5.0,5.0,5.0,0
5.0,5.0,5.0,5.0,5.0,0
1.1790000200271606,1.1790000200271606,1.1790000200271606,1.1790000200271606,1.1790000200271606,0
5.0,5.0,5.0,5.0,5.0,0
5.0,5.0,5.0,5.0,5.0,0
5.0,5.0,5.0,5.0,5.0,0
5.0,5.0,5.0,5.0,5.0,0
1.1790000200271606,1.1790000200271606,1.1790000200271606,1.1790000200271606,1.1790000200271606,0
5.0,5.0,5.0,5.0,5.0,0
5.0,5.0,5.0,5.0,5.0,0
4.5,4.5,4.5,4.5,4.5,31606
1.1790000200271606,1.1790000200271606,1.1790000200271606,1.1790000200271606,1.1790000200271606,0
4.5,4.5,4.5,4.5,4.5,0
4.5,4.5,4.5,4.5,4.5,0
4.5,4.5,4.5,4.5,4.5,0
4.5,4.5,4.5,4.5,4.5,0
1.1790000200271606,1.1790000200271606,1.1790000200271606,1.1790000200271606,1.1790000200271606,0
4.5,4.5,4.5,4.5,4.5,0
4.5,4.5,4.5,4.5,4.5,0
4.5,4.5,4.5,4.5,4.5,0
4.5,4.5,4.5,4.5,4.5,0
1.2890000343322754,1.2890000343322754,1.2400000095367432,1.2400000095367432,1.2400000095367432,0
4.5,4.5,4.5,4.5,4.5,0
4.5,4.5,4.5,4.5,4.5,0
4.5,4.5,4.5,4.5,4.5,0
4.5,4.5,4.5,4.5,4.5,0
1.2339999675750732,1.3329999446868896,1.2339999675750732,1.3220000267028809,1.3220000267028809,0
4.5,4.5,4.5,4.5,4.5,0
4.5,4.5,4.5,4.5,4.5,0
4.5,4.5,4.5,4.5,4.5,0
1.281999945640564,1.281999945640564,1.281999945640564,1.281999945640564,1.281999945640564,0
4.5,4.5,4.5,4.5,4.5,0
4.5,4.5,4.5,4.5,4.5,0
4.5,4.5,4.5,4.5,4.5,0
1.2999999523162842,1.2999999523162842,1.2940000295639038,1.2960000038146973,1.2960000038146973,0
4.5,4.5,4.5,4.5,4.5,0
4.5,4.5,4.5,4.5,4.5,0
4.5,4.5,4.5,4.5,4.5,0
4.5,4.5,4.5,4.5,4.5,0
1.2630000114440918,1.2690000534057617,1.2630000114440918,1.2690000534057617,1.2690000534057617,0
4.5,4.5,4.5,4.5,4.5,0
4.5,4.5,4.5,4.5,4.5,0
4.5,4.5,4.5,4.5,4.5,0
4.5,4.5,4.5,4.5,4.5,0
1.2400000095367432,1.2400000095367432,1.2350000143051147,1.2350000143051147,1.2350000143051147,0
4.5,4.5,4.5,4.5,4.5,0
4.5,4.5,4.5,4.5,4.5,0
4.5,4.5,4.5,4.5,4.5,0
1.1679999828338623,1.1779999732971191,1.1679999828338623,1.1729999780654907,1.1729999780654907,0
4.5,4.5,4.5,4.5,4.5,0
4.5,4.5,4.5,4.5,4.5,0
4.5,4.5,4.5,4.5,4.5,0
4.5,4.5,4.5,4.5,4.5,0
1.246999979019165,1.246999979019165,1.2050000429153442,1.2209999561309814,1.2209999561309814,0
4.5,4.5,4.5,4.5,4.5,0
4.5,4.5,4.5,4.5,4.5,0
4.5,4.5,4.5,4.5,4.5,0
4.5,4.5,4.5,4.5,4.5,0
1.156999945640564,1.156999945640564,1.1399999856948853,1.1399999856948853,1.1399999856948853,0
4.5,4.5,4.5,4.5,4.5,0
4.5,4.5,4.5,4.5,4.5,0
4.5,4.5,4.5,4.5,4.5,0
4.5,4.5,4.5,4.5,4.5,0
1.319000005722046,1.3220000267028809,1.3179999589920044,1.3220000267028809,1.3220000267028809,0
4.5,4.5,4.5,4.5,4.5,0
4.5,4.5,4.5,4.5,4.5,0
4.5,4.5,4.5,4.5,4.5,0
1.2640000581741333,1.2640000581741333,1.25600004196167,1.25600004196167,1.25600004196167,0
3.740000009536743,3.740000009536743,3.740000009536743,3.740000009536743,3.740000009536743,1255
3.740000009536743,3.740000009536743,3.740000009536743,3.740000009536743,3.740000009536743,0
3.740000009536743,3.740000009536743,3.740000009536743,3.740000009536743,3.740000009536743,0
3.740000009536743,3.740000009536743,3.740000009536743,3.740000009536743,3.740000009536743,0
1.2630000114440918,1.2630000114440918,1.2380000352859497,1.2380000352859497,1.2380000352859497,0
4.300000190734863,4.300000190734863,4.300000190734863,4.300000190734863,4.300000190734863,2000
4.300000190734863,4.300000190734863,4.300000190734863,4.300000190734863,4.300000190734863,0
4.300000190734863,4.300000190734863,4.300000190734863,4.300000190734863,4.300000190734863,0
4.300000190734863,4.300000190734863,4.300000190734863,4.300000190734863,4.300000190734863,0
1.4989999532699585,1.4989999532699585,1.4980000257492065,1.4980000257492065,1.4980000257492065,0
4.300000190734863,4.300000190734863,4.300000190734863,4.300000190734863,4.300000190734863,0
4.300000190734863,4.300000190734863,4.300000190734863,4.300000190734863,4.300000190734863,0
4.300000190734863,4.300000190734863,4.300000190734863,4.300000190734863,4.300000190734863,0
4.300000190734863,4.300000190734863,4.300000190734863,4.300000190734863,4.300000190734863,0
1.6369999647140503,1.6369999647140503,1.5889999866485596,1.5889999866485596,1.5889999866485596,0
4.300000190734863,4.300000190734863,4.300000190734863,4.300000190734863,4.300000190734863,0
4.300000190734863,4.300000190734863,4.300000190734863,4.300000190734863,4.300000190734863,0
4.300000190734863,4.300000190734863,4.300000190734863,4.300000190734863,4.300000190734863,0
4.300000190734863,4.300000190734863,4.300000190734863,4.300000190734863,4.300000190734863,0
1.5850000381469727,1.5850000381469727,1.5360000133514404,1.5360000133514404,1.5360000133514404,0
4.300000190734863,4.300000190734863,4.300000190734863,4.300000190734863,4.300000190734863,0
4.300000190734863,4.300000190734863,4.300000190734863,4.300000190734863,4.300000190734863,0
4.300000190734863,4.300000190734863,4.300000190734863,4.300000190734863,4.300000190734863,0
4.300000190734863,4.300000190734863,4.300000190734863,4.300000190734863,4.300000190734863,0
1.5149999856948853,1.527999997138977,1.5130000114440918,1.5260000228881836,1.5260000228881836,0
4.300000190734863,4.300000190734863,4.300000190734863,4.300000190734863,4.300000190734863,0
4.300000190734863,4.300000190734863,4.300000190734863,4.300000190734863,4.300000190734863,0
4.300000190734863,4.300000190734863,4.300000190734863,4.300000190734863,4.300000190734863,0
4.300000190734863,4.300000190734863,4.300000190734863,4.300000190734863,4.300000190734863,0
4.300000190734863,4.300000190734863,4.300000190734863,4.300000190734863,4.300000190734863,0
4.300000190734863,4.300000190734863,4.300000190734863,4.300000190734863,4.300000190734863,0
4.300000190734863,4.300000190734863,4.300000190734863,4.300000190734863,4.300000190734863,0
4.300000190734863,4.300000190734863,4.300000190734863,4.300000190734863,4.300000190734863,0
1.7660000324249268,1.7660000324249268,1.7510000467300415,1.7510000467300415,1.7510000467300415,0
4.300000190734863,4.300000190734863,4.300000190734863,4.300000190734863,4.300000190734863,0
4.300000190734863,4.300000190734863,4.300000190734863,4.300000190734863,4.300000190734863,0
4.940000057220459,4.940000057220459,4.940000057220459,4.940000057220459,4.940000057220459,439
4.940000057220459,4.940000057220459,4.940000057220459,4.940000057220459,4.940000057220459,0
1.6239999532699585,1.6239999532699585,1.5839999914169312,1.5839999914169312,1.5839999914169312,0
4.940000057220459,4.940000057220459,4.940000057220459,4.940000057220459,4.940000057220459,0
4.940000057220459,4.940000057220459,4.940000057220459,4.940000057220459,4.940000057220459,0
4.940000057220459,4.940000057220459,4.940000057220459,4.940000057220459,4.940000057220459,0
4.940000057220459,4.940000057220459,4.940000057220459,4.940000057220459,4.940000057220459,0
1.4980000257492065,1.4980000257492065,1.475000023841858,1.475000023841858,1.475000023841858,0
4.940000057220459,4.940000057220459,4.940000057220459,4.940000057220459,4.940000057220459,0
4.940000057220459,4.940000057220459,4.940000057220459,4.940000057220459,4.940000057220459,0
4.940000057220459,4.940000057220459,4.940000057220459,4.940000057220459,4.940000057220459,0
4.940000057220459,4.940000057220459,4.940000057220459,4.940000057220459,4.940000057220459,0
1.4259999990463257,1.4259999990463257,1.4259999990463257,1.4259999990463257,1.4259999990463257,0
4.940000057220459,4.940000057220459,4.940000057220459,4.940000057220459,4.940000057220459,0
4.940000057220459,4.940000057220459,4.940000057220459,4.940000057220459,4.940000057220459,0
4.940000057220459,4.940000057220459,4.940000057220459,4.940000057220459,4.940000057220459,0
5.0,5.0,5.0,5.0,5.0,47000
1.4839999675750732,1.4839999675750732,1.4570000171661377,1.4570000171661377,1.4570000171661377,0
5.0,5.0,5.0,5.0,5.0,0
5.0,5.0,5.0,5.0,5.0,0
5.0,5.0,5.0,5.0,5.0,0
5.0,5.0,5.0,5.0,5.0,0
1.5740000009536743,1.5740000009536743,1.5210000276565552,1.5210000276565552,1.5210000276565552,0
4.5,4.5,4.5,4.5,4.5,4900
4.5,4.5,4.5,4.5,4.5,0
4.5,4.5,4.5,4.5,4.5,0
4.5,4.5,4.5,4.5,4.5,0
1.3320000171661377,1.3350000381469727,1.3250000476837158,1.3350000381469727,1.3350000381469727,0
3.9800000190734863,4.440000057220459,3.9000000953674316,4.349999904632568,4.349999904632568,11400
4.349999904632568,4.349999904632568,4.349999904632568,4.349999904632568,4.349999904632568,0
4.5,4.5,4.5,4.5,4.5,1000
1.274999976158142,1.2869999408721924,1.2630000114440918,1.2869999408721924,1.2869999408721924,0
4.5,4.5,4.5,4.5,4.5,500
4.5,4.5,4.5,4.5,4.5,30100
5.170000076293945,5.170000076293945,5.170000076293945,5.170000076293945,5.170000076293945,200
5.170000076293945,5.170000076293945,5.170000076293945,5.170000076293945,5.170000076293945,0
1.1740000247955322,1.1740000247955322,1.1399999856948853,1.1399999856948853,1.1399999856948853,0
5.170000076293945,5.170000076293945,5.170000076293945,5.170000076293945,5.170000076293945,0
5.170000076293945,5.170000076293945,5.170000076293945,5.170000076293945,5.170000076293945,0
5.170000076293945,5.170000076293945,5.170000076293945,5.170000076293945,5.170000076293945,0
5.170000076293945,5.170000076293945,5.170000076293945,5.170000076293945,5.170000076293945,0
1.1059999465942383,1.1059999465942383,1.0959999561309814,1.0989999771118164,1.0989999771118164,0
5.170000076293945,5.170000076293945,5.170000076293945,5.170000076293945,5.170000076293945,0
5.170000076293945,5.170000076293945,5.170000076293945,5.170000076293945,5.170000076293945,0
5.170000076293945,5.170000076293945,5.170000076293945,5.170000076293945,5.170000076293945,0
5.170000076293945,5.170000076293945,5.170000076293945,5.170000076293945,5.170000076293945,0
1.2330000400543213,1.2350000143051147,1.2139999866485596,1.215999960899353,1.215999960899353,0
5.170000076293945,5.170000076293945,5.170000076293945,5.170000076293945,5.170000076293945,0
5.170000076293945,5.170000076293945,5.170000076293945,5.170000076293945,5.170000076293945,0
5.170000076293945,5.170000076293945,5.170000076293945,5.170000076293945,5.170000076293945,0
5.170000076293945,5.170000076293945,5.170000076293945,5.170000076293945,5.170000076293945,0
1.2860000133514404,1.2860000133514404,1.281000018119812,1.281999945640564,1.281999945640564,0
4.5,4.5,4.5,4.5,4.5,10000
4.5,4.5,4.5,4.5,4.5,100000
4.099999904632568,4.099999904632568,4.059999942779541,4.059999942779541,4.059999942779541,312000
4.059999942779541,4.059999942779541,4.059999942779541,4.059999942779541,4.059999942779541,0
4.059999942779541,4.059999942779541,4.059999942779541,4.059999942779541,4.059999942779541,0
4.099999904632568,4.099999904632568,4.050000190734863,4.099999904632568,4.099999904632568,1073000
4.099999904632568,4.099999904632568,4.099999904632568,4.099999904632568,4.099999904632568,0
4.099999904632568,4.099999904632568,4.099999904632568,4.099999904632568,4.099999904632568,0
1.25600004196167,1.2610000371932983,1.2519999742507935,1.2610000371932983,1.2610000371932983,0
4.0,4.0,4.0,4.0,4.0,7000
4.0,4.0,4.0,4.0,4.0,193000
4.0,4.0,4.0,4.0,4.0,690000
4.0,4.0,4.0,4.0,4.0,0
1.312999963760376,1.312999963760376,1.2949999570846558,1.2949999570846558,1.2949999570846558,0
4.0,4.0,4.0,4.0,4.0,0
4.0,4.0,4.0,4.0,4.0,5000
4.0,4.0,4.0,4.0,4.0,0
3.799999952316284,3.799999952316284,3.799999952316284,3.799999952316284,3.799999952316284,10000
1.38100004196167,1.38100004196167,1.3619999885559082,1.3619999885559082,1.3619999885559082,0
3.799999952316284,3.799999952316284,3.799999952316284,3.799999952316284,3.799999952316284,20000
3.799999952316284,3.799999952316284,3.799999952316284,3.799999952316284,3.799999952316284,0
3.799999952316284,3.799999952316284,3.799999952316284,3.799999952316284,3.799999952316284,0
3.799999952316284,3.799999952316284,3.799999952316284,3.799999952316284,3.799999952316284,0
1.2970000505447388,1.2970000505447388,1.2869999408721924,1.2929999828338623,1.2929999828338623,0
3.799999952316284,3.799999952316284,3.799999952316284,3.799999952316284,3.799999952316284,0
3.799999952316284,3.799999952316284,3.799999952316284,3.799999952316284,3.799999952316284,0
3.799999952316284,3.799999952316284,3.799999952316284,3.799999952316284,3.799999952316284,0
3.799999952316284,3.799999952316284,3.799999952316284,3.799999952316284,3.799999952316284,0
1.2960000038146973,1.2960000038146973,1.284000039100647,1.2869999408721924,1.2869999408721924,0
3.799999952316284,3.799999952316284,3.799999952316284,3.799999952316284,3.799999952316284,20000
3.4200000762939453,3.700000047683716,3.4200000762939453,3.5999999046325684,3.5999999046325684,146000
3.5999999046325684,3.5999999046325684,3.5999999046325684,3.5999999046325684,3.5999999046325684,0
3.5999999046325684,3.5999999046325684,3.5999999046325684,3.5999999046325684,3.5999999046325684,0
1.1820000410079956,1.2039999961853027,1.1820000410079956,1.2039999961853027,1.2039999961853027,0
3.049999952316284,3.390000104904175,3.0199999809265137,3.390000104904175,3.390000104904175,251800
3.390000104904175,3.390000104904175,3.390000104904175,3.390000104904175,3.390000104904175,0
3.390000104904175,3.390000104904175,3.390000104904175,3.390000104904175,3.390000104904175,0
3.490000009536743,3.490000009536743,3.490000009536743,3.490000009536743,3.490000009536743,900
1.1720000505447388,1.1829999685287476,1.1720000505447388,1.1799999475479126,1.1799999475479126,0
3.180000066757202,3.180000066757202,3.180000066757202,3.180000066757202,3.180000066757202,0
3.180000066757202,3.180000066757202,3.180000066757202,3.180000066757202,3.180000066757202,0
3.180000066757202,3.180000066757202,3.180000066757202,3.180000066757202,3.180000066757202,0
3.180000066757202,3.180000066757202,3.180000066757202,3.180000066757202,3.180000066757202,0
1.1330000162124634,1.1330000162124634,1.1130000352859497,1.1200000047683716,1.1200000047683716,0
3.200000047683716,3.200000047683716,3.200000047683716,3.200000047683716,3.200000047683716,0
3.200000047683716,3.200000047683716,3.200000047683716,3.200000047683716,3.200000047683716,0
3.200000047683716,3.200000047683716,3.200000047683716,3.200000047683716,3.200000047683716,0
3.200000047683716,3.200000047683716,3.200000047683716,3.200000047683716,3.200000047683716,0
0.8920000195503235,0.8920000195503235,0.871999979019165,0.871999979019165,0.871999979019165,0
3.5,3.509999990463257,3.5,3.509999990463257,3.509999990463257,153839
3.5,3.5,3.5,3.5,3.5,180000
3.5,3.5,3.5,3.5,3.5,50361
0.9340000152587891,0.949999988079071,0.9300000071525574,0.949999988079071,0.949999988079071,0
3.5,3.5,3.5,3.5,3.5,0
3.5,3.5,3.5,3.5,3.5,0
3.5,3.5,3.5,3.5,3.5,0
3.319999933242798,3.319999933242798,3.319999933242798,3.319999933242798,3.319999933242798,14049
0.9919999837875366,1.0080000162124634,0.9919999837875366,1.0080000162124634,1.0080000162124634,0
3.319999933242798,3.319999933242798,3.319999933242798,3.319999933242798,3.319999933242798,0
3.319999933242798,3.319999933242798,3.319999933242798,3.319999933242798,3.319999933242798,0
3.319999933242798,3.319999933242798,3.319999933242798,3.319999933242798,3.319999933242798,0
3.319999933242798,3.319999933242798,3.319999933242798,3.319999933242798,3.319999933242798,0
1.0779999494552612,1.0789999961853027,1.0779999494552612,1.0789999961853027,1.0789999961853027,0
3.5,3.5,3.5,3.5,3.5,15000
3.5,3.5,3.5,3.5,3.5,0
3.5,3.5,3.5,3.5,3.5,0
3.4700000286102295,3.4700000286102295,3.4700000286102295,3.4700000286102295,3.4700000286102295,6000
1.1380000114440918,1.1399999856948853,1.1380000114440918,1.1399999856948853,1.1399999856948853,0
3.309999942779541,3.309999942779541,3.309999942779541,3.309999942779541,3.309999942779541,500
3.309999942779541,3.309999942779541,3.309999942779541,3.309999942779541,3.309999942779541,0
3.309999942779541,3.309999942779541,3.309999942779541,3.309999942779541,3.309999942779541,0
3.309999942779541,3.309999942779541,3.309999942779541,3.309999942779541,3.309999942779541,0
1.1540000438690186,1.1579999923706055,1.1540000438690186,1.156999945640564,1.156999945640564,0
3.309999942779541,3.309999942779541,3.309999942779541,3.309999942779541,3.309999942779541,0
3.309999942779541,3.309999942779541,3.309999942779541,3.309999942779541,3.309999942779541,0
3.319999933242798,3.319999933242798,3.309999942779541,3.309999942779541,3.309999942779541,8434
3.309999942779541,3.309999942779541,3.309999942779541,3.309999942779541,3.309999942779541,0
1.2549999952316284,1.2589999437332153,1.2480000257492065,1.2589999437332153,1.2589999437332153,0
3.1600000858306885,3.1600000858306885,3.1600000858306885,3.1600000858306885,3.1600000858306885,0
3.1600000858306885,3.1600000858306885,3.1600000858306885,3.1600000858306885,3.1600000858306885,0
3.1600000858306885,3.1600000858306885,3.1600000858306885,3.1600000858306885,3.1600000858306885,0
3.1600000858306885,3.1600000858306885,3.1600000858306885,3.1600000858306885,3.1600000858306885,0
1.2589999437332153,1.2589999437332153,1.2510000467300415,1.2510000467300415,1.2510000467300415,0
3.1600000858306885,3.1600000858306885,3.1600000858306885,3.1600000858306885,3.1600000858306885,0
3.1600000858306885,3.1600000858306885,3.1600000858306885,3.1600000858306885,3.1600000858306885,0
3.1600000858306885,3.1600000858306885,3.1600000858306885,3.1600000858306885,3.1600000858306885,0
3.440000057220459,3.440000057220459,3.440000057220459,3.440000057220459,3.440000057220459,360
1.2419999837875366,1.2419999837875366,1.2269999980926514,1.2309999465942383,1.2309999465942383,0
3.440000057220459,3.450000047683716,3.440000057220459,3.450000047683716,3.450000047683716,9000
3.450000047683716,3.450000047683716,3.450000047683716,3.450000047683716,3.450000047683716,0
3.450000047683716,3.450000047683716,3.450000047683716,3.450000047683716,3.450000047683716,0
3.450000047683716,3.450000047683716,3.450000047683716,3.450000047683716,3.450000047683716,0
1.1150000095367432,1.1239999532699585,1.1150000095367432,1.1169999837875366,1.1169999837875366,0
3.450000047683716,3.450000047683716,3.450000047683716,3.450000047683716,3.450000047683716,0
3.450000047683716,3.450000047683716,3.450000047683716,3.450000047683716,3.450000047683716,0
3.450000047683716,3.450000047683716,3.450000047683716,3.450000047683716,3.450000047683716,0
3.450000047683716,3.450000047683716,3.450000047683716,3.450000047683716,3.450000047683716,0
1.1699999570846558,1.190999984741211,1.1699999570846558,1.190000057220459,1.190000057220459,0
3.450000047683716,3.450000047683716,3.450000047683716,3.450000047683716,3.450000047683716,0
3.450000047683716,3.450000047683716,3.450000047683716,3.450000047683716,3.450000047683716,0
3.450000047683716,3.450000047683716,3.450000047683716,3.450000047683716,3.450000047683716,0
3.450000047683716,3.450000047683716,3.450000047683716,3.450000047683716,3.450000047683716,0
1.2009999752044678,1.2009999752044678,1.1979999542236328,1.1990000009536743,1.1990000009536743,0
3.450000047683716,3.450000047683716,3.450000047683716,3.450000047683716,3.450000047683716,0
3.450000047683716,3.450000047683716,3.450000047683716,3.450000047683716,3.450000047683716,0
3.450000047683716,3.450000047683716,3.450000047683716,3.450000047683716,3.450000047683716,0
1.1660000085830688,1.1699999570846558,1.1660000085830688,1.1670000553131104,1.1670000553131104,0
3.25,3.25,3.25,3.25,3.25,4999
3.25,3.25,3.25,3.25,3.25,0
3.25,3.25,3.25,3.25,3.25,0
3.25,3.25,3.25,3.25,3.25,0
1.1690000295639038,1.1690000295639038,1.159999966621399,1.1619999408721924,1.1619999408721924,0
3.440000057220459,3.440000057220459,3.440000057220459,3.440000057220459,3.440000057220459,4000
3.440000057220459,3.440000057220459,3.440000057220459,3.440000057220459,3.440000057220459,0
3.380000114440918,3.380000114440918,3.380000114440918,3.380000114440918,3.380000114440918,9500
3.380000114440918,3.380000114440918,3.380000114440918,3.380000114440918,3.380000114440918,9500
1.0859999656677246,1.0859999656677246,1.0759999752044678,1.0770000219345093,1.0770000219345093,0
3.380000114440918,3.380000114440918,3.380000114440918,3.380000114440918,3.380000114440918,0
3.380000114440918,3.380000114440918,3.380000114440918,3.380000114440918,3.380000114440918,0
3.380000114440918,3.380000114440918,3.380000114440918,3.380000114440918,3.380000114440918,0
3.380000114440918,3.380000114440918,3.380000114440918,3.380000114440918,3.380000114440918,0
1.1549999713897705,1.1549999713897705,1.1519999504089355,1.1540000438690186,1.1540000438690186,0
3.4800000190734863,3.4800000190734863,3.4800000190734863,3.4800000190734863,3.4800000190734863,5000
3.4800000190734863,3.4800000190734863,3.4800000190734863,3.4800000190734863,3.4800000190734863,0
3.4800000190734863,3.4800000190734863,3.4800000190734863,3.4800000190734863,3.4800000190734863,0
3.4800000190734863,3.4800000190734863,3.4800000190734863,3.4800000190734863,3.4800000190734863,0
3.4800000190734863,3.4800000190734863,3.4800000190734863,3.4800000190734863,3.4800000190734863,0
3.4800000190734863,3.4800000190734863,3.4800000190734863,3.4800000190734863,3.4800000190734863,0
3.4800000190734863,3.4800000190734863,3.4800000190734863,3.4800000190734863,3.4800000190734863,0
3.4800000190734863,3.4800000190734863,3.4800000190734863,3.4800000190734863,3.4800000190734863,0
3.4700000286102295,3.4700000286102295,3.4700000286102295,3.4700000286102295,3.4700000286102295,0
3.4700000286102295,3.4700000286102295,3.4700000286102295,3.4700000286102295,3.4700000286102295,0
3.450000047683716,3.450000047683716,3.450000047683716,3.450000047683716,3.450000047683716,5047
3.450000047683716,3.450000047683716,3.450000047683716,3.450000047683716,3.450000047683716,0
1.1169999837875366,1.125,1.1150000095367432,1.1150000095367432,1.1150000095367432,0
3.450000047683716,3.450000047683716,3.450000047683716,3.450000047683716,3.450000047683716,0
3.5,3.5,3.5,3.5,3.5,13894
3.5,3.5,3.5,3.5,3.5,0
3.5,3.5,3.5,3.5,3.5,0
0.9900000095367432,0.9900000095367432,0.9430000185966492,0.9430000185966492,0.9430000185966492,0
3.5,3.5,3.5,3.5,3.5,0
3.5,3.5,3.5,3.5,3.5,0
3.5,3.5,3.5,3.5,3.5,0
0.9729999899864197,0.9769999980926514,0.9729999899864197,0.9769999980926514,0.9769999980926514,0
3.5,3.5,3.5,3.5,3.5,0
3.5,3.5,3.5,3.5,3.5,0
3.5,3.5,3.5,3.5,3.5,0
3.5,3.5,3.5,3.5,3.5,0
0.9419999718666077,0.9490000009536743,0.9419999718666077,0.9490000009536743,0.9490000009536743,0
3.5,3.5,3.5,3.5,3.5,0
3.5,3.5,3.5,3.5,3.5,0
3.5,3.5,3.5,3.5,3.5,0
3.5,3.5,3.5,3.5,3.5,0
0.9160000085830688,0.9390000104904175,0.9150000214576721,0.9359999895095825,0.9359999895095825,0
3.5,3.5,3.5,3.5,3.5,0
3.5,3.5,3.5,3.5,3.5,0
3.5,3.5,3.5,3.5,3.5,0
3.5,3.5,3.5,3.5,3.5,0
0.8690000176429749,0.8690000176429749,0.8640000224113464,0.8690000176429749,0.8690000176429749,0
3.5,3.5,3.5,3.5,3.5,0
3.5,3.5,3.5,3.5,3.5,0
3.5,3.5,3.5,3.5,3.5,0
0.9539999961853027,0.9539999961853027,0.9480000138282776,0.9480000138282776,0.9480000138282776,0
3.5,3.5,3.5,3.5,3.5,0
3.5,3.5,3.5,3.5,3.5,0
3.5,3.5,3.5,3.5,3.5,0
3.5,3.5,3.5,3.5,3.5,0
0.8870000243186951,0.8920000195503235,0.8870000243186951,0.890999972820282,0.890999972820282,0
3.5,3.5,3.5,3.5,3.5,0
3.5,3.5,3.5,3.5,3.5,0
3.5,3.5,3.5,3.5,3.5,0
3.5,3.5,3.5,3.5,3.5,0
1.0490000247955322,1.0609999895095825,1.0490000247955322,1.059000015258789,1.059000015258789,0
3.5,3.5,3.5,3.5,3.5,0
3.5,3.5,3.5,3.5,3.5,0
3.5,3.5,3.5,3.5,3.5,0
3.5,3.5,3.5,3.5,3.5,0
1.0149999856948853,1.0149999856948853,1.0119999647140503,1.0140000581741333,1.0140000581741333,0
3.5,3.5,3.5,3.5,3.5,0
3.5,3.5,3.5,3.5,3.5,0
3.1500000953674316,3.1500000953674316,3.1500000953674316,3.1500000953674316,3.1500000953674316,5800
3.1500000953674316,3.1500000953674316,3.1500000953674316,3.1500000953674316,3.1500000953674316,0
1.0499999523162842,1.0729999542236328,1.0490000247955322,1.0729999542236328,1.0729999542236328,0
3.0,3.0,2.9000000953674316,2.9000000953674316,2.9000000953674316,31200
3.0,3.0,2.9000000953674316,2.9000000953674316,2.9000000953674316,31200
2.9000000953674316,2.9000000953674316,2.9000000953674316,2.9000000953674316,2.9000000953674316,0
2.9000000953674316,2.9000000953674316,2.9000000953674316,2.9000000953674316,2.9000000953674316,0
2.9000000953674316,2.9000000953674316,2.9000000953674316,2.9000000953674316,2.9000000953674316,0
2.9000000953674316,2.9000000953674316,2.9000000953674316,2.9000000953674316,2.9000000953674316,0
2.9000000953674316,2.9000000953674316,2.9000000953674316,2.9000000953674316,2.9000000953674316,0
2.9000000953674316,2.9000000953674316,2.9000000953674316,2.9000000953674316,2.9000000953674316,0
1.1430000066757202,1.1430000066757202,1.1390000581741333,1.1430000066757202,1.1430000066757202,0
2.9000000953674316,2.9000000953674316,2.9000000953674316,2.9000000953674316,2.9000000953674316,0
2.9000000953674316,2.9000000953674316,2.9000000953674316,2.9000000953674316,2.9000000953674316,0
2.9000000953674316,2.9000000953674316,2.9000000953674316,2.9000000953674316,2.9000000953674316,0
2.9000000953674316,2.9000000953674316,2.9000000953674316,2.9000000953674316,2.9000000953674316,0
1.0920000076293945,1.093999981880188,1.0920000076293945,1.093999981880188,1.093999981880188,0
2.9000000953674316,2.9000000953674316,2.9000000953674316,2.9000000953674316,2.9000000953674316,0
2.9000000953674316,2.9000000953674316,2.9000000953674316,2.9000000953674316,2.9000000953674316,0
2.9000000953674316,2.9000000953674316,2.9000000953674316,2.9000000953674316,2.9000000953674316,0
2.9000000953674316,2.9000000953674316,2.9000000953674316,2.9000000953674316,2.9000000953674316,0
1.1160000562667847,1.1180000305175781,1.1160000562667847,1.1180000305175781,1.1180000305175781,0
2.9000000953674316,2.9000000953674316,2.9000000953674316,2.9000000953674316,2.9000000953674316,0
2.9000000953674316,2.9000000953674316,2.9000000953674316,2.9000000953674316,2.9000000953674316,0
2.9000000953674316,2.9000000953674316,2.9000000953674316,2.9000000953674316,2.9000000953674316,0
2.9000000953674316,2.9000000953674316,2.9000000953674316,2.9000000953674316,2.9000000953674316,0
1.1130000352859497,1.1130000352859497,1.1080000400543213,1.1080000400543213,1.1080000400543213,0
3.3299999237060547,3.3299999237060547,3.3299999237060547,3.3299999237060547,3.3299999237060547,0
3.3299999237060547,3.3299999237060547,3.3299999237060547,3.3299999237060547,3.3299999237060547,0
3.3299999237060547,3.3299999237060547,3.3299999237060547,3.3299999237060547,3.3299999237060547,0
3.3299999237060547,3.3299999237060547,3.3299999237060547,3.3299999237060547,3.3299999237060547,0
1.1519999504089355,1.1799999475479126,1.1410000324249268,1.1779999732971191,1.1779999732971191,0
3.3299999237060547,3.3299999237060547,3.3299999237060547,3.3299999237060547,3.3299999237060547,0
3.3299999237060547,3.3299999237060547,3.3299999237060547,3.3299999237060547,3.3299999237060547,0
3.3299999237060547,3.3299999237060547,3.3299999237060547,3.3299999237060547,3.3299999237060547,0
3.3299999237060547,3.3299999237060547,3.3299999237060547,3.3299999237060547,3.3299999237060547,0
1.1540000438690186,1.1549999713897705,1.149999976158142,1.1510000228881836,1.1510000228881836,0
3.3299999237060547,3.3299999237060547,3.3299999237060547,3.3299999237060547,3.3299999237060547,0
3.3299999237060547,3.3299999237060547,3.3299999237060547,3.3299999237060547,3.3299999237060547,0
3.3299999237060547,3.3299999237060547,3.3299999237060547,3.3299999237060547,3.3299999237060547,0
3.3299999237060547,3.3299999237060547,3.3299999237060547,3.3299999237060547,3.3299999237060547,0
1.1390000581741333,1.1399999856948853,1.1319999694824219,1.1319999694824219,1.1319999694824219,0
3.3299999237060547,3.3299999237060547,3.3299999237060547,3.3299999237060547,3.3299999237060547,0
3.0,3.0,3.0,3.0,3.0,55340
2.950000047683716,2.950000047683716,2.950000047683716,2.950000047683716,2.950000047683716,2300000
2.950000047683716,2.950000047683716,2.950000047683716,2.950000047683716,2.950000047683716,0
1.1139999628067017,1.1139999628067017,1.0980000495910645,1.0989999771118164,1.0989999771118164,0
2.950000047683716,2.950000047683716,2.950000047683716,2.950000047683716,2.950000047683716,0
2.950000047683716,2.950000047683716,2.950000047683716,2.950000047683716,2.950000047683716,0
2.950000047683716,2.950000047683716,2.950000047683716,2.950000047683716,2.950000047683716,0
2.950000047683716,2.950000047683716,2.950000047683716,2.950000047683716,2.950000047683716,0
1.0839999914169312,1.0839999914169312,1.0770000219345093,1.0789999961853027,1.0789999961853027,0
3.390000104904175,3.390000104904175,3.390000104904175,3.390000104904175,3.390000104904175,0
3.390000104904175,3.390000104904175,3.390000104904175,3.390000104904175,3.390000104904175,0
3.390000104904175,3.390000104904175,3.390000104904175,3.390000104904175,3.390000104904175,0
1.069000005722046,1.069000005722046,1.0479999780654907,1.0529999732971191,1.0529999732971191,0
3.390000104904175,3.390000104904175,3.390000104904175,3.390000104904175,3.390000104904175,0
3.390000104904175,3.390000104904175,3.390000104904175,3.390000104904175,3.390000104904175,0
3.390000104904175,3.390000104904175,3.390000104904175,3.390000104904175,3.390000104904175,0
3.390000104904175,3.390000104904175,3.390000104904175,3.390000104904175,3.390000104904175,0
1.13100004196167,1.13100004196167,1.11899995803833,1.11899995803833,1.11899995803833,0
3.390000104904175,3.390000104904175,3.390000104904175,3.390000104904175,3.390000104904175,0
3.390000104904175,3.390000104904175,3.390000104904175,3.390000104904175,3.390000104904175,0
3.390000104904175,3.390000104904175,3.390000104904175,3.390000104904175,3.390000104904175,0
3.390000104904175,3.390000104904175,3.390000104904175,3.390000104904175,3.390000104904175,0
1.1319999694824219,1.1319999694824219,1.1200000047683716,1.1200000047683716,1.1200000047683716,0
3.390000104904175,3.390000104904175,3.390000104904175,3.390000104904175,3.390000104904175,0
3.390000104904175,3.390000104904175,3.390000104904175,3.390000104904175,3.390000104904175,0
3.390000104904175,3.390000104904175,3.390000104904175,3.390000104904175,3.390000104904175,0
3.390000104904175,3.390000104904175,3.390000104904175,3.390000104904175,3.390000104904175,0
1.0210000276565552,1.0440000295639038,1.0210000276565552,1.0440000295639038,1.0440000295639038,0
3.390000104904175,3.390000104904175,3.390000104904175,3.390000104904175,3.390000104904175,0
3.390000104904175,3.390000104904175,3.390000104904175,3.390000104904175,3.390000104904175,0
3.390000104904175,3.390000104904175,3.390000104904175,3.390000104904175,3.390000104904175,0
3.390000104904175,3.390000104904175,3.390000104904175,3.390000104904175,3.390000104904175,0
1.1349999904632568,1.1349999904632568,1.128999948501587,1.13100004196167,1.13100004196167,0
3.390000104904175,3.390000104904175,3.390000104904175,3.390000104904175,3.390000104904175,0
3.390000104904175,3.390000104904175,3.390000104904175,3.390000104904175,3.390000104904175,0
3.390000104904175,3.390000104904175,3.390000104904175,3.390000104904175,3.390000104904175,0
1.1100000143051147,1.1109999418258667,1.1080000400543213,1.1109999418258667,1.1109999418258667,0
3.059999942779541,3.059999942779541,3.059999942779541,3.059999942779541,3.059999942779541,0
3.059999942779541,3.059999942779541,3.059999942779541,3.059999942779541,3.059999942779541,0
3.059999942779541,3.059999942779541,3.059999942779541,3.059999942779541,3.059999942779541,0
3.0,3.490000009536743,3.0,3.490000009536743,3.490000009536743,25890
1.2059999704360962,1.2059999704360962,1.190999984741211,1.190999984741211,1.190999984741211,0
3.1500000953674316,3.450000047683716,3.1500000953674316,3.450000047683716,3.450000047683716,35990
3.109999895095825,3.109999895095825,3.109999895095825,3.109999895095825,3.109999895095825,1500
3.109999895095825,3.109999895095825,3.109999895095825,3.109999895095825,3.109999895095825,0
3.059999942779541,3.059999942779541,3.049999952316284,3.049999952316284,3.049999952316284,10000
1.2029999494552612,1.2029999494552612,1.1950000524520874,1.1950000524520874,1.1950000524520874,0
3.0299999713897705,3.0299999713897705,3.0199999809265137,3.0199999809265137,3.0199999809265137,12480
3.0199999809265137,3.0199999809265137,3.0199999809265137,3.0199999809265137,3.0199999809265137,0
3.0199999809265137,3.0199999809265137,3.0199999809265137,3.0199999809265137,3.0199999809265137,0
3.0199999809265137,3.0199999809265137,3.0199999809265137,3.0199999809265137,3.0199999809265137,0
1.2289999723434448,1.2309999465942383,1.218999981880188,1.222000002861023,1.222000002861023,0
3.0199999809265137,3.0199999809265137,3.0199999809265137,3.0199999809265137,3.0199999809265137,0
3.0199999809265137,3.0199999809265137,3.0199999809265137,3.0199999809265137,3.0199999809265137,0
3.0199999809265137,3.0199999809265137,3.0199999809265137,3.0199999809265137,3.0199999809265137,0
3.0199999809265137,3.0199999809265137,3.0199999809265137,3.0199999809265137,3.0199999809265137,0
1.1749999523162842,1.1790000200271606,1.1749999523162842,1.1779999732971191,1.1779999732971191,0
3.4700000286102295,3.4700000286102295,3.4700000286102295,3.4700000286102295,3.4700000286102295,0
3.4700000286102295,3.4700000286102295,3.4700000286102295,3.4700000286102295,3.4700000286102295,0
3.4700000286102295,3.4700000286102295,3.4700000286102295,3.4700000286102295,3.4700000286102295,0
3.4700000286102295,3.4700000286102295,3.4700000286102295,3.4700000286102295,3.4700000286102295,0
1.184999942779541,1.184999942779541,1.156000018119812,1.1579999923706055,1.1579999923706055,0
3.4700000286102295,3.4700000286102295,3.4700000286102295,3.4700000286102295,3.4700000286102295,0
3.4700000286102295,3.4700000286102295,3.4700000286102295,3.4700000286102295,3.4700000286102295,0
3.4700000286102295,3.4700000286102295,3.4700000286102295,3.4700000286102295,3.4700000286102295,0
3.4700000286102295,3.4700000286102295,3.4700000286102295,3.4700000286102295,3.4700000286102295,0
1.2680000066757202,1.2690000534057617,1.2660000324249268,1.2669999599456787,1.2669999599456787,0
3.200000047683716,3.200000047683716,3.200000047683716,3.200000047683716,3.200000047683716,0
3.200000047683716,3.200000047683716,3.200000047683716,3.200000047683716,3.200000047683716,0
3.200000047683716,3.200000047683716,3.200000047683716,3.200000047683716,3.200000047683716,0
3.200000047683716,3.200000047683716,3.200000047683716,3.200000047683716,3.200000047683716,0
1.246999979019165,1.246999979019165,1.2389999628067017,1.2400000095367432,1.2400000095367432,0
3.200000047683716,3.200000047683716,3.200000047683716,3.200000047683716,3.200000047683716,0
3.200000047683716,3.200000047683716,3.200000047683716,3.200000047683716,3.200000047683716,0
3.200000047683716,3.200000047683716,3.200000047683716,3.200000047683716,3.200000047683716,0
3.200000047683716,3.200000047683716,3.200000047683716,3.200000047683716,3.200000047683716,0
1.3029999732971191,1.3049999475479126,1.2960000038146973,1.3009999990463257,1.3009999990463257,0
3.200000047683716,3.200000047683716,3.200000047683716,3.200000047683716,3.200000047683716,0
3.200000047683716,3.200000047683716,3.200000047683716,3.200000047683716,3.200000047683716,0
3.200000047683716,3.200000047683716,3.200000047683716,3.200000047683716,3.200000047683716,0
1.3300000429153442,1.3380000591278076,1.3170000314712524,1.3170000314712524,1.3170000314712524,0
3.200000047683716,3.200000047683716,3.200000047683716,3.200000047683716,3.200000047683716,0
3.200000047683716,3.200000047683716,3.200000047683716,3.200000047683716,3.200000047683716,0
3.200000047683716,3.200000047683716,3.200000047683716,3.200000047683716,3.200000047683716,0
3.200000047683716,3.200000047683716,3.200000047683716,3.200000047683716,3.200000047683716,0
1.3009999990463257,1.3109999895095825,1.2879999876022339,1.305999994277954,1.305999994277954,0
3.200000047683716,3.200000047683716,3.200000047683716,3.200000047683716,3.200000047683716,0
3.200000047683716,3.200000047683716,3.200000047683716,3.200000047683716,3.200000047683716,0
2.880000114440918,2.880000114440918,2.880000114440918,2.880000114440918,2.880000114440918,12894
2.880000114440918,2.880000114440918,2.880000114440918,2.880000114440918,2.880000114440918,0
1.3029999732971191,1.305999994277954,1.2999999523162842,1.2999999523162842,1.2999999523162842,0
2.880000114440918,2.880000114440918,2.880000114440918,2.880000114440918,2.880000114440918,0
2.880000114440918,2.880000114440918,2.880000114440918,2.880000114440918,2.880000114440918,0
2.880000114440918,2.880000114440918,2.880000114440918,2.880000114440918,2.880000114440918,0
2.880000114440918,2.880000114440918,2.880000114440918,2.880000114440918,2.880000114440918,0
1.2289999723434448,1.2339999675750732,1.2280000448226929,1.2339999675750732,1.2339999675750732,0
2.880000114440918,2.880000114440918,2.880000114440918,2.880000114440918,2.880000114440918,0
2.880000114440918,2.880000114440918,2.880000114440918,2.880000114440918,2.880000114440918,0
2.880000114440918,2.880000114440918,2.880000114440918,2.880000114440918,2.880000114440918,0
2.880000114440918,2.880000114440918,2.880000114440918,2.880000114440918,2.880000114440918,0
1.2960000038146973,1.3009999990463257,1.2960000038146973,1.3009999990463257,1.3009999990463257,0
2.880000114440918,2.880000114440918,2.880000114440918,2.880000114440918,2.880000114440918,0
2.880000114440918,2.880000114440918,2.880000114440918,2.880000114440918,2.880000114440918,0
2.880000114440918,2.880000114440918,2.880000114440918,2.880000114440918,2.880000114440918,0
2.880000114440918,2.880000114440918,2.880000114440918,2.880000114440918,2.880000114440918,0
1.2380000352859497,1.2419999837875366,1.2380000352859497,1.2419999837875366,1.2419999837875366,0
2.880000114440918,2.880000114440918,2.880000114440918,2.880000114440918,2.880000114440918,20000
2.880000114440918,2.880000114440918,2.880000114440918,2.880000114440918,2.880000114440918,40000
2.880000114440918,2.880000114440918,2.880000114440918,2.880000114440918,2.880000114440918,0
2.880000114440918,2.880000114440918,2.880000114440918,2.880000114440918,2.880000114440918,0
1.3389999866485596,1.38100004196167,1.3389999866485596,1.3799999952316284,1.3799999952316284,0
2.880000114440918,2.880000114440918,2.880000114440918,2.880000114440918,2.880000114440918,0
2.880000114440918,2.880000114440918,2.880000114440918,2.880000114440918,2.880000114440918,0
2.880000114440918,2.880000114440918,2.880000114440918,2.880000114440918,2.880000114440918,0
2.880000114440918,2.880000114440918,2.880000114440918,2.880000114440918,2.880000114440918,0
1.3799999952316284,1.3960000276565552,1.3799999952316284,1.3960000276565552,1.3960000276565552,0
2.880000114440918,2.880000114440918,2.880000114440918,2.880000114440918,2.880000114440918,0
3.200000047683716,3.200000047683716,3.200000047683716,3.200000047683716,3.200000047683716,1559
3.200000047683716,3.200000047683716,3.200000047683716,3.200000047683716,3.200000047683716,0
3.200000047683716,3.200000047683716,3.200000047683716,3.200000047683716,3.200000047683716,0
1.246999979019165,1.25,1.2430000305175781,1.25,1.25,0
3.200000047683716,3.200000047683716,3.200000047683716,3.200000047683716,3.200000047683716,0
3.200000047683716,3.200000047683716,3.200000047683716,3.200000047683716,3.200000047683716,0
3.200000047683716,3.200000047683716,3.200000047683716,3.200000047683716,3.200000047683716,0
3.200000047683716,3.200000047683716,3.200000047683716,3.200000047683716,3.200000047683716,0
1.2070000171661377,1.2070000171661377,1.1710000038146973,1.1710000038146973,1.1710000038146973,0
3.200000047683716,3.200000047683716,3.200000047683716,3.200000047683716,3.200000047683716,0
3.200000047683716,3.200000047683716,3.200000047683716,3.200000047683716,3.200000047683716,0
3.200000047683716,3.200000047683716,3.200000047683716,3.200000047683716,3.200000047683716,0
3.200000047683716,3.200000047683716,3.200000047683716,3.200000047683716,3.200000047683716,0
1.1720000505447388,1.1720000505447388,1.1579999923706055,1.1579999923706055,1.1579999923706055,0
3.200000047683716,3.200000047683716,3.200000047683716,3.200000047683716,3.200000047683716,0
3.200000047683716,3.200000047683716,3.200000047683716,3.200000047683716,3.200000047683716,0
3.200000047683716,3.200000047683716,3.200000047683716,3.200000047683716,3.200000047683716,0
1.0889999866485596,1.1339999437332153,1.0889999866485596,1.1169999837875366,1.1169999837875366,0
2.880000114440918,2.880000114440918,2.880000114440918,2.880000114440918,2.880000114440918,0
2.880000114440918,2.880000114440918,2.880000114440918,2.880000114440918,2.880000114440918,0
2.880000114440918,2.880000114440918,2.880000114440918,2.880000114440918,2.880000114440918,0
1.1640000343322754,1.1640000343322754,1.1430000066757202,1.1430000066757202,1.1430000066757202,0
1.128000020980835,1.1319999694824219,1.128000020980835,1.1319999694824219,1.1319999694824219,0
2.880000114440918,2.880000114440918,2.880000114440918,2.880000114440918,2.880000114440918,0
2.880000114440918,2.880000114440918,2.880000114440918,2.880000114440918,2.880000114440918,0
2.880000114440918,2.880000114440918,2.880000114440918,2.880000114440918,2.880000114440918,0
2.880000114440918,2.880000114440918,2.880000114440918,2.880000114440918,2.880000114440918,0
1.2000000476837158,1.2039999961853027,1.1979999542236328,1.2000000476837158,1.2000000476837158,0
2.880000114440918,2.880000114440918,2.880000114440918,2.880000114440918,2.880000114440918,0
2.880000114440918,2.880000114440918,2.880000114440918,2.880000114440918,2.880000114440918,0
2.880000114440918,2.880000114440918,2.880000114440918,2.880000114440918,2.880000114440918,0
2.880000114440918,2.880000114440918,2.880000114440918,2.880000114440918,2.880000114440918,0
1.2109999656677246,1.218000054359436,1.2109999656677246,1.215999960899353,1.215999960899353,0
2.880000114440918,2.880000114440918,2.880000114440918,2.880000114440918,2.880000114440918,0
2.880000114440918,2.880000114440918,2.880000114440918,2.880000114440918,2.880000114440918,0
2.880000114440918,2.880000114440918,2.880000114440918,2.880000114440918,2.880000114440918,0
2.880000114440918,2.880000114440918,2.880000114440918,2.880000114440918,2.880000114440918,0
1.1649999618530273,1.1649999618530273,1.149999976158142,1.149999976158142,1.149999976158142,0
2.9000000953674316,2.9000000953674316,2.9000000953674316,2.9000000953674316,2.9000000953674316,0
2.9000000953674316,2.9000000953674316,2.9000000953674316,2.9000000953674316,2.9000000953674316,0
2.9000000953674316,2.9000000953674316,2.9000000953674316,2.9000000953674316,2.9000000953674316,0
1.190999984741211,1.190999984741211,1.1829999685287476,1.184999942779541,1.184999942779541,0
3.200000047683716,3.200000047683716,3.200000047683716,3.200000047683716,3.200000047683716,313
3.200000047683716,3.200000047683716,3.200000047683716,3.200000047683716,3.200000047683716,0
3.200000047683716,3.200000047683716,3.200000047683716,3.200000047683716,3.200000047683716,0
1.2259999513626099,1.2259999513626099,1.218000054359436,1.2200000286102295,1.2200000286102295,0
3.200000047683716,3.200000047683716,3.200000047683716,3.200000047683716,3.200000047683716,0
3.200000047683716,3.200000047683716,3.200000047683716,3.200000047683716,3.200000047683716,0
3.0,3.0,3.0,3.0,3.0,5618
3.0,3.0,3.0,3.0,3.0,4270
1.2269999980926514,1.2300000190734863,1.2259999513626099,1.2300000190734863,1.2300000190734863,0
2.9000000953674316,2.9000000953674316,2.9000000953674316,2.9000000953674316,2.9000000953674316,0
2.9000000953674316,2.9000000953674316,2.9000000953674316,2.9000000953674316,2.9000000953674316,0
2.9000000953674316,2.9000000953674316,2.9000000953674316,2.9000000953674316,2.9000000953674316,0
1.1729999780654907,1.1729999780654907,1.1679999828338623,1.1710000038146973,1.1710000038146973,0
2.9000000953674316,2.9000000953674316,2.9000000953674316,2.9000000953674316,2.9000000953674316,0
2.9000000953674316,2.9000000953674316,2.9000000953674316,2.9000000953674316,2.9000000953674316,0
2.9000000953674316,2.9000000953674316,2.9000000953674316,2.9000000953674316,2.9000000953674316,0
2.9000000953674316,2.9000000953674316,2.9000000953674316,2.9000000953674316,2.9000000953674316,0
1.2289999723434448,1.2339999675750732,1.2269999980926514,1.2339999675750732,1.2339999675750732,0
2.9000000953674316,2.9000000953674316,2.9000000953674316,2.9000000953674316,2.9000000953674316,0
2.9000000953674316,2.9000000953674316,2.9000000953674316,2.9000000953674316,2.9000000953674316,0
2.9000000953674316,2.9000000953674316,2.9000000953674316,2.9000000953674316,2.9000000953674316,0
2.9000000953674316,2.9000000953674316,2.9000000953674316,2.9000000953674316,2.9000000953674316,0
1.2669999599456787,1.2690000534057617,1.2640000581741333,1.2669999599456787,1.2669999599456787,0
2.9000000953674316,2.9000000953674316,2.9000000953674316,2.9000000953674316,2.9000000953674316,0
2.9000000953674316,2.9000000953674316,2.9000000953674316,2.9000000953674316,2.9000000953674316,0
2.9000000953674316,2.9000000953674316,2.9000000953674316,2.9000000953674316,2.9000000953674316,0
2.9000000953674316,2.9000000953674316,2.9000000953674316,2.9000000953674316,2.9000000953674316,0
1.2949999570846558,1.3009999990463257,1.2949999570846558,1.2999999523162842,1.2999999523162842,0
2.9000000953674316,2.9000000953674316,2.9000000953674316,2.9000000953674316,2.9000000953674316,0
2.9000000953674316,2.9000000953674316,2.9000000953674316,2.9000000953674316,2.9000000953674316,0
2.9000000953674316,2.9000000953674316,2.9000000953674316,2.9000000953674316,2.9000000953674316,0
2.9000000953674316,2.9000000953674316,2.9000000953674316,2.9000000953674316,2.9000000953674316,0
1.2280000448226929,1.2280000448226929,1.2259999513626099,1.2280000448226929,1.2280000448226929,0
2.9000000953674316,2.9000000953674316,2.9000000953674316,2.9000000953674316,2.9000000953674316,0
2.9000000953674316,2.9000000953674316,2.9000000953674316,2.9000000953674316,2.9000000953674316,0
2.9000000953674316,2.9000000953674316,2.9000000953674316,2.9000000953674316,2.9000000953674316,0
1.2269999980926514,1.2269999980926514,1.2269999980926514,1.2269999980926514,1.2269999980926514,0
2.9000000953674316,2.9000000953674316,2.9000000953674316,2.9000000953674316,2.9000000953674316,0
2.9000000953674316,2.9000000953674316,2.9000000953674316,2.9000000953674316,2.9000000953674316,0
2.9000000953674316,2.9000000953674316,2.9000000953674316,2.9000000953674316,2.9000000953674316,0
3.0999999046325684,3.0999999046325684,3.0999999046325684,3.0999999046325684,3.0999999046325684,1475
1.1779999732971191,1.190999984741211,1.1779999732971191,1.190999984741211,1.190999984741211,0
3.0,3.0,3.0,3.0,3.0,2000
3.0,3.0,3.0,3.0,3.0,0
3.0,3.0,3.0,3.0,3.0,0
3.0,3.0,3.0,3.0,3.0,0
1.184000015258789,1.184000015258789,1.180999994277954,1.1829999685287476,1.1829999685287476,0
3.0,3.0,3.0,3.0,3.0,0
3.0,3.0,3.0,3.0,3.0,0
3.0,3.0,3.0,3.0,3.0,0
3.0999999046325684,3.0999999046325684,3.0999999046325684,3.0999999046325684,3.0999999046325684,100
1.2489999532699585,1.2569999694824219,1.2489999532699585,1.2569999694824219,1.2569999694824219,0
3.0999999046325684,3.0999999046325684,3.0999999046325684,3.0999999046325684,3.0999999046325684,0
3.0999999046325684,3.0999999046325684,3.0999999046325684,3.0999999046325684,3.0999999046325684,0
3.0999999046325684,3.0999999046325684,3.0999999046325684,3.0999999046325684,3.0999999046325684,0
3.0999999046325684,3.0999999046325684,3.0999999046325684,3.0999999046325684,3.0999999046325684,0
1.2610000371932983,1.2610000371932983,1.2549999952316284,1.2549999952316284,1.2549999952316284,0
3.0,3.0,3.0,3.0,3.0,0
3.0,3.0,3.0,3.0,3.0,0
3.0,3.0,3.0,3.0,3.0,400
3.0999999046325684,3.0999999046325684,3.0999999046325684,3.0999999046325684,3.0999999046325684,1034
1.2699999809265137,1.2699999809265137,1.2589999437332153,1.2610000371932983,1.2610000371932983,0
3.2100000381469727,3.2100000381469727,3.2100000381469727,3.2100000381469727,3.2100000381469727,10000
3.5,3.5,3.5,3.5,3.5,7763
3.5,3.5,3.5,3.5,3.5,73600
3.5,3.5,3.5,3.5,3.5,0
1.3459999561309814,1.3459999561309814,1.315999984741211,1.315999984741211,1.315999984741211,0
3.5,3.5,3.5,3.5,3.5,0
3.5,3.5,3.1500000953674316,3.490000009536743,3.490000009536743,31763
3.1500000953674316,3.190000057220459,3.1500000953674316,3.190000057220459,3.190000057220459,194037
3.0999999046325684,3.0999999046325684,3.0999999046325684,3.0999999046325684,3.0999999046325684,4600
3.0999999046325684,3.0999999046325684,3.0999999046325684,3.0999999046325684,3.0999999046325684,0
3.0999999046325684,3.0999999046325684,3.0999999046325684,3.0999999046325684,3.0999999046325684,0
3.0999999046325684,3.0999999046325684,3.0999999046325684,3.0999999046325684,3.0999999046325684,0
3.0999999046325684,3.0999999046325684,3.0999999046325684,3.0999999046325684,3.0999999046325684,0
1.4930000305175781,1.4980000257492065,1.4900000095367432,1.496999979019165,1.496999979019165,0
3.0999999046325684,3.0999999046325684,3.0999999046325684,3.0999999046325684,3.0999999046325684,0
3.0999999046325684,3.0999999046325684,3.0999999046325684,3.0999999046325684,3.0999999046325684,0
3.0999999046325684,3.0999999046325684,3.0999999046325684,3.0999999046325684,3.0999999046325684,0
3.0999999046325684,3.0999999046325684,3.0999999046325684,3.0999999046325684,3.0999999046325684,0
1.5,1.5019999742507935,1.4830000400543213,1.4839999675750732,1.4839999675750732,0
3.0999999046325684,3.0999999046325684,3.0999999046325684,3.0999999046325684,3.0999999046325684,0
3.0999999046325684,3.0999999046325684,3.0999999046325684,3.0999999046325684,3.0999999046325684,0
3.0999999046325684,3.0999999046325684,3.0999999046325684,3.0999999046325684,3.0999999046325684,0
3.0999999046325684,3.0999999046325684,3.0999999046325684,3.0999999046325684,3.0999999046325684,0
1.475000023841858,1.475000023841858,1.465000033378601,1.468000054359436,1.468000054359436,0
3.0999999046325684,3.0999999046325684,3.0999999046325684,3.0999999046325684,3.0999999046325684,0
3.0999999046325684,3.0999999046325684,3.0999999046325684,3.0999999046325684,3.0999999046325684,0
3.0999999046325684,3.0999999046325684,3.0999999046325684,3.0999999046325684,3.0999999046325684,0
3.1500000953674316,3.1500000953674316,3.1500000953674316,3.1500000953674316,3.1500000953674316,7677
1.4709999561309814,1.472000002861023,1.4589999914169312,1.4609999656677246,1.4609999656677246,0
3.140000104904175,3.140000104904175,3.140000104904175,3.140000104904175,3.140000104904175,9735918
3.1500000953674316,3.1500000953674316,3.140000104904175,3.1500000953674316,3.1500000953674316,648040
3.0999999046325684,3.0999999046325684,3.0999999046325684,3.0999999046325684,3.0999999046325684,9637
3.0999999046325684,3.0999999046325684,3.0999999046325684,3.0999999046325684,3.0999999046325684,0
1.465999960899353,1.4789999723434448,1.465999960899353,1.4789999723434448,1.4789999723434448,0
3.0999999046325684,3.0999999046325684,3.0999999046325684,3.0999999046325684,3.0999999046325684,0
3.0999999046325684,3.0999999046325684,3.0999999046325684,3.0999999046325684,3.0999999046325684,0
3.0999999046325684,3.0999999046325684,3.0999999046325684,3.0999999046325684,3.0999999046325684,0
3.0999999046325684,3.0999999046325684,3.0999999046325684,3.0999999046325684,3.0999999046325684,0
1.3480000495910645,1.3559999465942383,1.3480000495910645,1.3550000190734863,1.3550000190734863,0
3.0999999046325684,3.0999999046325684,3.0999999046325684,3.0999999046325684,3.0999999046325684,0
3.0999999046325684,3.0999999046325684,3.0999999046325684,3.0999999046325684,3.0999999046325684,0
3.0999999046325684,3.0999999046325684,3.0999999046325684,3.0999999046325684,3.0999999046325684,0
1.3530000448226929,1.378999948501587,1.3530000448226929,1.3680000305175781,1.3680000305175781,0
3.0999999046325684,3.0999999046325684,3.0999999046325684,3.0999999046325684,3.0999999046325684,0
3.0999999046325684,3.0999999046325684,3.0999999046325684,3.0999999046325684,3.0999999046325684,0
3.0999999046325684,3.0999999046325684,3.0999999046325684,3.0999999046325684,3.0999999046325684,0
3.0999999046325684,3.0999999046325684,3.0999999046325684,3.0999999046325684,3.0999999046325684,0
1.4049999713897705,1.406000018119812,1.402999997138977,1.406000018119812,1.406000018119812,0
3.0999999046325684,3.0999999046325684,3.0999999046325684,3.0999999046325684,3.0999999046325684,0
3.0999999046325684,3.0999999046325684,3.0999999046325684,3.0999999046325684,3.0999999046325684,0
3.0999999046325684,3.0999999046325684,3.0999999046325684,3.0999999046325684,3.0999999046325684,0
3.0999999046325684,3.0999999046325684,3.0999999046325684,3.0999999046325684,3.0999999046325684,0
1.4140000343322754,1.4179999828338623,1.3990000486373901,1.3990000486373901,1.3990000486373901,0
3.0,3.0,3.0,3.0,3.0,50000
3.0,3.0,3.0,3.0,3.0,0
3.0,3.0,3.0,3.0,3.0,40363
3.1500000953674316,3.1500000953674316,3.1500000953674316,3.1500000953674316,3.1500000953674316,50000
1.3819999694824219,1.3940000534057617,1.3799999952316284,1.3930000066757202,1.3930000066757202,0
3.1500000953674316,3.1500000953674316,3.1500000953674316,3.1500000953674316,3.1500000953674316,0
3.1500000953674316,3.1500000953674316,3.1500000953674316,3.1500000953674316,3.1500000953674316,0
3.1500000953674316,3.1500000953674316,3.1500000953674316,3.1500000953674316,3.1500000953674316,0
3.1500000953674316,3.1500000953674316,3.1500000953674316,3.1500000953674316,3.1500000953674316,0
1.3609999418258667,1.3619999885559082,1.3530000448226929,1.3539999723434448,1.3539999723434448,0
3.1500000953674316,3.1500000953674316,3.1500000953674316,3.1500000953674316,3.1500000953674316,0
2.8499999046325684,2.8499999046325684,2.8499999046325684,2.8499999046325684,2.8499999046325684,1559
2.8499999046325684,2.8499999046325684,2.8499999046325684,2.8499999046325684,2.8499999046325684,0
1.3839999437332153,1.3839999437332153,1.378000020980835,1.3830000162124634,1.3830000162124634,0
2.8499999046325684,2.8499999046325684,2.8499999046325684,2.8499999046325684,2.8499999046325684,0
2.8499999046325684,2.8499999046325684,2.8499999046325684,2.8499999046325684,2.8499999046325684,0
3.1500000953674316,3.1500000953674316,3.1500000953674316,3.1500000953674316,3.1500000953674316,15900
3.1500000953674316,3.1500000953674316,3.1500000953674316,3.1500000953674316,3.1500000953674316,0
1.4609999656677246,1.465000033378601,1.4609999656677246,1.465000033378601,1.465000033378601,0
3.1500000953674316,3.1500000953674316,3.1500000953674316,3.1500000953674316,3.1500000953674316,0
3.1500000953674316,3.1500000953674316,3.1500000953674316,3.1500000953674316,3.1500000953674316,0
3.1500000953674316,3.1500000953674316,3.1500000953674316,3.1500000953674316,3.1500000953674316,0
3.1500000953674316,3.1500000953674316,3.1500000953674316,3.1500000953674316,3.1500000953674316,0
1.3940000534057617,1.4110000133514404,1.3940000534057617,1.4110000133514404,1.4110000133514404,0
3.1500000953674316,3.1500000953674316,3.1500000953674316,3.1500000953674316,3.1500000953674316,0
3.1500000953674316,3.1500000953674316,3.1500000953674316,3.1500000953674316,3.1500000953674316,0
3.0999999046325684,3.0999999046325684,3.0999999046325684,3.0999999046325684,3.0999999046325684,10160
3.0999999046325684,3.0999999046325684,3.0999999046325684,3.0999999046325684,3.0999999046325684,0
1.4110000133514404,1.4110000133514404,1.4110000133514404,1.4110000133514404,1.4110000133514404,0
3.0999999046325684,3.0999999046325684,3.0999999046325684,3.0999999046325684,3.0999999046325684,0
3.0999999046325684,3.0999999046325684,3.0999999046325684,3.0999999046325684,3.0999999046325684,0
3.0999999046325684,3.0999999046325684,3.0999999046325684,3.0999999046325684,3.0999999046325684,0
3.0999999046325684,3.0999999046325684,3.0999999046325684,3.0999999046325684,3.0999999046325684,0
1.4110000133514404,1.4110000133514404,1.4110000133514404,1.4110000133514404,1.4110000133514404,0
3.0999999046325684,3.0999999046325684,3.0999999046325684,3.0999999046325684,3.0999999046325684,0
3.0999999046325684,3.0999999046325684,3.0999999046325684,3.0999999046325684,3.0999999046325684,0
3.0999999046325684,3.0999999046325684,3.0999999046325684,3.0999999046325684,3.0999999046325684,0
3.0999999046325684,3.0999999046325684,3.0999999046325684,3.0999999046325684,3.0999999046325684,0
1.4110000133514404,1.4110000133514404,1.4110000133514404,1.4110000133514404,1.4110000133514404,0
3.0999999046325684,3.0999999046325684,3.0999999046325684,3.0999999046325684,3.0999999046325684,0
3.0999999046325684,3.0999999046325684,3.0999999046325684,3.0999999046325684,3.0999999046325684,0
3.0999999046325684,3.0999999046325684,3.0999999046325684,3.0999999046325684,3.0999999046325684,0
3.0999999046325684,3.0999999046325684,3.0999999046325684,3.0999999046325684,3.0999999046325684,0
1.4110000133514404,1.4110000133514404,1.4110000133514404,1.4110000133514404,1.4110000133514404,0
3.0999999046325684,3.0999999046325684,3.0999999046325684,3.0999999046325684,3.0999999046325684,0
3.119999885559082,3.1500000953674316,3.119999885559082,3.1500000953674316,3.1500000953674316,176772
3.119999885559082,3.1500000953674316,3.119999885559082,3.1500000953674316,3.1500000953674316,457514
3.1500000953674316,3.1500000953674316,3.1500000953674316,3.1500000953674316,3.1500000953674316,0
1.4110000133514404,1.4110000133514404,1.4110000133514404,1.4110000133514404,1.4110000133514404,0
2.8499999046325684,2.8499999046325684,2.8499999046325684,2.8499999046325684,2.8499999046325684,0
2.8499999046325684,2.8499999046325684,2.8499999046325684,2.8499999046325684,2.8499999046325684,0
2.8499999046325684,2.8499999046325684,2.8499999046325684,2.8499999046325684,2.8499999046325684,0
2.8499999046325684,2.8499999046325684,2.8499999046325684,2.8499999046325684,2.8499999046325684,0
1.4110000133514404,1.4110000133514404,1.4110000133514404,1.4110000133514404,1.4110000133514404,0
2.8499999046325684,2.8499999046325684,2.8499999046325684,2.8499999046325684,2.8499999046325684,0
2.8499999046325684,2.8499999046325684,2.8499999046325684,2.8499999046325684,2.8499999046325684,0
2.8499999046325684,2.8499999046325684,2.8499999046325684,2.8499999046325684,2.8499999046325684,0
1.3380000591278076,1.340000033378601,1.3380000591278076,1.340000033378601,1.340000033378601,0
2.8499999046325684,2.8499999046325684,2.8499999046325684,2.8499999046325684,2.8499999046325684,0
2.8499999046325684,2.8499999046325684,2.8499999046325684,2.8499999046325684,2.8499999046325684,0
2.8499999046325684,2.8499999046325684,2.8499999046325684,2.8499999046325684,2.8499999046325684,0
2.8499999046325684,2.8499999046325684,2.8499999046325684,2.8499999046325684,2.8499999046325684,0
1.4160000085830688,1.4160000085830688,1.4079999923706055,1.4079999923706055,1.4079999923706055,0
2.8499999046325684,2.8499999046325684,2.8499999046325684,2.8499999046325684,2.8499999046325684,0
2.8499999046325684,2.8499999046325684,2.8499999046325684,2.8499999046325684,2.8499999046325684,0
2.8499999046325684,2.8499999046325684,2.8499999046325684,2.8499999046325684,2.8499999046325684,0
2.8499999046325684,2.8499999046325684,2.8499999046325684,2.8499999046325684,2.8499999046325684,0
1.3350000381469727,1.340000033378601,1.309999942779541,1.309999942779541,1.309999942779541,0
2.8499999046325684,2.8499999046325684,2.8499999046325684,2.8499999046325684,2.8499999046325684,0
2.8499999046325684,2.8499999046325684,2.8499999046325684,2.8499999046325684,2.8499999046325684,0
2.8499999046325684,2.8499999046325684,2.8499999046325684,2.8499999046325684,2.8499999046325684,0
2.8499999046325684,2.8499999046325684,2.8499999046325684,2.8499999046325684,2.8499999046325684,0
1.2760000228881836,1.2760000228881836,1.2719999551773071,1.2719999551773071,1.2719999551773071,0
2.8499999046325684,2.8499999046325684,2.8499999046325684,2.8499999046325684,2.8499999046325684,0
2.8499999046325684,2.8499999046325684,2.8499999046325684,2.8499999046325684,2.8499999046325684,0
2.8499999046325684,2.8499999046325684,2.8499999046325684,2.8499999046325684,2.8499999046325684,0
2.8499999046325684,2.8499999046325684,2.8499999046325684,2.8499999046325684,2.8499999046325684,0
1.315000057220459,1.315999984741211,1.312999963760376,1.312999963760376,1.312999963760376,0
2.8499999046325684,2.8499999046325684,2.8499999046325684,2.8499999046325684,2.8499999046325684,0
2.8499999046325684,2.8499999046325684,2.8499999046325684,2.8499999046325684,2.8499999046325684,0
2.8499999046325684,2.8499999046325684,2.8499999046325684,2.8499999046325684,2.8499999046325684,0
3.0999999046325684,3.0999999046325684,3.0999999046325684,3.0999999046325684,3.0999999046325684,1100
1.409999966621399,1.409999966621399,1.3899999856948853,1.3899999856948853,1.3899999856948853,0
3.0999999046325684,3.0999999046325684,3.0999999046325684,3.0999999046325684,3.0999999046325684,0
3.0,3.0,3.0,3.0,3.0,2300
3.0,3.0,3.0,3.0,3.0,0
2.799999952316284,2.799999952316284,2.799999952316284,2.799999952316284,2.799999952316284,8000
1.4290000200271606,1.4290000200271606,1.4290000200271606,1.4290000200271606,1.4290000200271606,0
2.799999952316284,2.799999952316284,2.799999952316284,2.799999952316284,2.799999952316284,0
2.799999952316284,2.799999952316284,2.799999952316284,2.799999952316284,2.799999952316284,0
2.880000114440918,2.880000114440918,2.880000114440918,2.880000114440918,2.880000114440918,15000
2.880000114440918,2.880000114440918,2.880000114440918,2.880000114440918,2.880000114440918,7010
1.6610000133514404,1.6610000133514404,1.649999976158142,1.6510000228881836,1.6510000228881836,0
2.880000114440918,2.880000114440918,2.880000114440918,2.880000114440918,2.880000114440918,0
2.880000114440918,2.880000114440918,2.880000114440918,2.880000114440918,2.880000114440918,0
2.880000114440918,2.880000114440918,2.880000114440918,2.880000114440918,2.880000114440918,0
2.880000114440918,2.880000114440918,2.880000114440918,2.880000114440918,2.880000114440918,0
1.6829999685287476,1.6829999685287476,1.6820000410079956,1.6820000410079956,1.6820000410079956,0
3.0,3.0,3.0,3.0,3.0,0
3.0,3.0,3.0,3.0,3.0,0
3.0,3.0,3.0,3.0,3.0,0
3.140000104904175,3.1500000953674316,3.0,3.0,3.0,400000
1.5870000123977661,1.5870000123977661,1.5770000219345093,1.5859999656677246,1.5859999656677246,0
3.0,3.0,3.0,3.0,3.0,0
3.0,3.0,3.0,3.0,3.0,0
3.0,3.0,3.0,3.0,3.0,39847
3.0,3.0,3.0,3.0,3.0,0
1.6019999980926514,1.6030000448226929,1.6019999980926514,1.6030000448226929,1.6030000448226929,0
2.8499999046325684,2.9000000953674316,2.8499999046325684,2.9000000953674316,2.9000000953674316,13673
2.9000000953674316,2.9000000953674316,2.9000000953674316,2.9000000953674316,2.9000000953674316,0
2.9000000953674316,2.9000000953674316,2.9000000953674316,2.9000000953674316,2.9000000953674316,0
1.7079999446868896,1.7120000123977661,1.7079999446868896,1.7120000123977661,1.7120000123977661,0
2.9000000953674316,2.9000000953674316,2.9000000953674316,2.9000000953674316,2.9000000953674316,0
2.9000000953674316,2.9000000953674316,2.9000000953674316,2.9000000953674316,2.9000000953674316,0
2.9000000953674316,2.9000000953674316,2.9000000953674316,2.9000000953674316,2.9000000953674316,6754
2.9000000953674316,2.9000000953674316,2.9000000953674316,2.9000000953674316,2.9000000953674316,0
1.9140000343322754,1.9140000343322754,1.871000051498413,1.871000051498413,1.871000051498413,0
2.9000000953674316,2.9000000953674316,2.9000000953674316,2.9000000953674316,2.9000000953674316,0
2.9000000953674316,2.9000000953674316,2.9000000953674316,2.9000000953674316,2.9000000953674316,0
2.9000000953674316,2.9000000953674316,2.9000000953674316,2.9000000953674316,2.9000000953674316,0
2.9000000953674316,2.9000000953674316,2.9000000953674316,2.9000000953674316,2.9000000953674316,0
1.940999984741211,1.9420000314712524,1.940000057220459,1.940999984741211,1.940999984741211,0
2.9000000953674316,2.9000000953674316,2.9000000953674316,2.9000000953674316,2.9000000953674316,0
2.9000000953674316,2.9000000953674316,2.9000000953674316,2.9000000953674316,2.9000000953674316,0
2.9000000953674316,2.9000000953674316,2.9000000953674316,2.9000000953674316,2.9000000953674316,0
2.9000000953674316,2.9000000953674316,2.9000000953674316,2.9000000953674316,2.9000000953674316,1000
1.8769999742507935,1.8769999742507935,1.8630000352859497,1.8630000352859497,1.8630000352859497,0
2.9000000953674316,2.9000000953674316,2.9000000953674316,2.9000000953674316,2.9000000953674316,0
2.9000000953674316,2.9000000953674316,2.9000000953674316,2.9000000953674316,2.9000000953674316,0
2.9000000953674316,2.9000000953674316,2.9000000953674316,2.9000000953674316,2.9000000953674316,0
2.9000000953674316,2.9000000953674316,2.9000000953674316,2.9000000953674316,2.9000000953674316,0
2.052000045776367,2.066999912261963,2.0460000038146973,2.066999912261963,2.066999912261963,0
2.9000000953674316,2.9000000953674316,2.9000000953674316,2.9000000953674316,2.9000000953674316,0
2.9000000953674316,2.9000000953674316,2.9000000953674316,2.9000000953674316,2.9000000953674316,0
2.9000000953674316,2.9000000953674316,2.9000000953674316,2.9000000953674316,2.9000000953674316,0
2.0910000801086426,2.0999999046325684,2.0910000801086426,2.0950000286102295,2.0950000286102295,0
2.9000000953674316,2.9000000953674316,2.9000000953674316,2.9000000953674316,2.9000000953674316,0
2.9000000953674316,2.9000000953674316,2.9000000953674316,2.9000000953674316,2.9000000953674316,0
2.9000000953674316,2.9000000953674316,2.9000000953674316,2.9000000953674316,2.9000000953674316,0
2.0799999237060547,2.0799999237060547,2.0799999237060547,2.0799999237060547,2.0799999237060547,0
2.9000000953674316,2.9000000953674316,2.9000000953674316,2.9000000953674316,2.9000000953674316,0
2.9000000953674316,2.9000000953674316,2.9000000953674316,2.9000000953674316,2.9000000953674316,0
2.9000000953674316,2.9000000953674316,2.9000000953674316,2.9000000953674316,2.9000000953674316,0
2.9000000953674316,2.9000000953674316,2.9000000953674316,2.9000000953674316,2.9000000953674316,0
2.140000104904175,2.140000104904175,2.140000104904175,2.140000104904175,2.140000104904175,0
2.9000000953674316,2.9000000953674316,2.9000000953674316,2.9000000953674316,2.9000000953674316,0
2.9000000953674316,2.9000000953674316,2.9000000953674316,2.9000000953674316,2.9000000953674316,0
2.9000000953674316,2.9000000953674316,2.9000000953674316,2.9000000953674316,2.9000000953674316,0
1.9800000190734863,1.9800000190734863,1.9800000190734863,1.9800000190734863,1.9800000190734863,0
2.9000000953674316,2.9000000953674316,2.9000000953674316,2.9000000953674316,2.9000000953674316,10000
2.9000000953674316,2.9000000953674316,2.9000000953674316,2.9000000953674316,2.9000000953674316,0
2.8499999046325684,2.8499999046325684,2.8499999046325684,2.8499999046325684,2.8499999046325684,1000
2.8499999046325684,2.8499999046325684,2.8499999046325684,2.8499999046325684,2.8499999046325684,0
2.0199999809265137,2.0199999809265137,2.0199999809265137,2.0199999809265137,2.0199999809265137,0
2.8499999046325684,2.8499999046325684,2.8499999046325684,2.8499999046325684,2.8499999046325684,0
2.8499999046325684,2.8499999046325684,2.8499999046325684,2.8499999046325684,2.8499999046325684,0
2.8499999046325684,2.8499999046325684,2.8499999046325684,2.8499999046325684,2.8499999046325684,0
2.8499999046325684,2.8499999046325684,2.8499999046325684,2.8499999046325684,2.8499999046325684,0
1.8200000524520874,1.8200000524520874,1.7999999523162842,1.7999999523162842,1.7999999523162842,0
2.8499999046325684,2.8499999046325684,2.8499999046325684,2.8499999046325684,2.8499999046325684,0
2.8499999046325684,2.8499999046325684,2.8499999046325684,2.8499999046325684,2.8499999046325684,19000
2.75,2.75,2.75,2.75,2.75,400
2.75,2.75,2.75,2.75,2.75,0
1.7799999713897705,1.7799999713897705,1.7799999713897705,1.7799999713897705,1.7799999713897705,0
2.75,2.75,2.75,2.75,2.75,0
2.75,2.75,2.75,2.75,2.75,0
2.75,2.75,2.75,2.75,2.75,0
2.75,2.75,2.75,2.75,2.75,0
1.9500000476837158,1.9500000476837158,1.940000057220459,1.940000057220459,1.940000057220459,0
3.1600000858306885,3.1600000858306885,3.1600000858306885,3.1600000858306885,3.1600000858306885,0
3.1600000858306885,3.1600000858306885,3.1600000858306885,3.1600000858306885,3.1600000858306885,0
2.8499999046325684,2.8499999046325684,2.8499999046325684,2.8499999046325684,2.8499999046325684,24205
1.940000057220459,1.940000057220459,1.9299999475479126,1.940000057220459,1.940000057220459,0
2.8499999046325684,2.8499999046325684,2.8499999046325684,2.8499999046325684,2.8499999046325684,0
2.8499999046325684,2.8499999046325684,2.8499999046325684,2.8499999046325684,2.8499999046325684,0
2.8499999046325684,2.8499999046325684,2.8499999046325684,2.8499999046325684,2.8499999046325684,0
2.8499999046325684,2.8499999046325684,2.8499999046325684,2.8499999046325684,2.8499999046325684,0
2.0,2.0,2.0,2.0,2.0,0
2.8499999046325684,2.8499999046325684,2.8499999046325684,2.8499999046325684,2.8499999046325684,0
2.8499999046325684,2.8499999046325684,2.8499999046325684,2.8499999046325684,2.8499999046325684,0
2.8499999046325684,2.8499999046325684,2.8499999046325684,2.8499999046325684,2.8499999046325684,0
2.8499999046325684,2.8499999046325684,2.8499999046325684,2.8499999046325684,2.8499999046325684,0
1.8300000429153442,1.8300000429153442,1.809999942779541,1.809999942779541,1.809999942779541,0
2.8499999046325684,2.8499999046325684,2.8499999046325684,2.8499999046325684,2.8499999046325684,0
2.700000047683716,2.700000047683716,2.700000047683716,2.700000047683716,2.700000047683716,25000
2.700000047683716,2.700000047683716,2.700000047683716,2.700000047683716,2.700000047683716,0
2.700000047683716,2.700000047683716,2.700000047683716,2.700000047683716,2.700000047683716,0
1.9199999570846558,1.9199999570846558,1.8899999856948853,1.8899999856948853,1.8899999856948853,0
2.700000047683716,2.700000047683716,2.700000047683716,2.700000047683716,2.700000047683716,0
2.700000047683716,2.700000047683716,2.700000047683716,2.700000047683716,2.700000047683716,0
2.700000047683716,2.700000047683716,2.700000047683716,2.700000047683716,2.700000047683716,0
2.700000047683716,2.700000047683716,2.700000047683716,2.700000047683716,2.700000047683716,0
1.7699999809265137,1.7799999713897705,1.7599999904632568,1.7799999713897705,1.7799999713897705,0
2.700000047683716,2.700000047683716,2.700000047683716,2.700000047683716,2.700000047683716,0
3.0999999046325684,3.0999999046325684,3.0999999046325684,3.0999999046325684,3.0999999046325684,1000
3.0999999046325684,3.0999999046325684,3.0999999046325684,3.0999999046325684,3.0999999046325684,1000
3.4000000953674316,3.4000000953674316,3.4000000953674316,3.4000000953674316,3.4000000953674316,1918
3.4000000953674316,3.4000000953674316,3.4000000953674316,3.4000000953674316,3.4000000953674316,0
3.4000000953674316,3.4000000953674316,3.4000000953674316,3.4000000953674316,3.4000000953674316,1000
3.4000000953674316,3.4000000953674316,3.4000000953674316,3.4000000953674316,3.4000000953674316,0
3.4000000953674316,3.4000000953674316,3.4000000953674316,3.4000000953674316,3.4000000953674316,1000
1.9900000095367432,2.0,1.9900000095367432,2.0,2.0,0
3.4000000953674316,3.4000000953674316,3.4000000953674316,3.4000000953674316,3.4000000953674316,0
3.4000000953674316,3.4000000953674316,3.4000000953674316,3.4000000953674316,3.4000000953674316,0
3.059999942779541,3.059999942779541,3.059999942779541,3.059999942779541,3.059999942779541,18245
3.059999942779541,3.059999942779541,3.059999942779541,3.059999942779541,3.059999942779541,0
1.9500000476837158,1.9500000476837158,1.9500000476837158,1.9500000476837158,1.9500000476837158,0
3.059999942779541,3.059999942779541,3.059999942779541,3.059999942779541,3.059999942779541,0
3.059999942779541,3.059999942779541,3.059999942779541,3.059999942779541,3.059999942779541,0
3.059999942779541,3.059999942779541,3.059999942779541,3.059999942779541,3.059999942779541,0
3.059999942779541,3.059999942779541,3.059999942779541,3.059999942779541,3.059999942779541,0
1.9900000095367432,2.0,1.9800000190734863,2.0,2.0,0
3.059999942779541,3.059999942779541,3.059999942779541,3.059999942779541,3.059999942779541,0
3.059999942779541,3.059999942779541,3.059999942779541,3.059999942779541,3.059999942779541,0
3.059999942779541,3.059999942779541,3.059999942779541,3.059999942779541,3.059999942779541,0
3.059999942779541,3.059999942779541,3.059999942779541,3.059999942779541,3.059999942779541,0
1.899999976158142,1.899999976158142,1.899999976158142,1.899999976158142,1.899999976158142,0
2.819999933242798,2.819999933242798,2.819999933242798,2.819999933242798,2.819999933242798,0
2.819999933242798,2.819999933242798,2.819999933242798,2.819999933242798,2.819999933242798,0
2.819999933242798,2.819999933242798,2.819999933242798,2.819999933242798,2.819999933242798,0
2.700000047683716,2.700000047683716,2.700000047683716,2.700000047683716,2.700000047683716,6463
1.9800000190734863,1.9900000095367432,1.9800000190734863,1.9900000095367432,1.9900000095367432,0
2.700000047683716,2.700000047683716,2.700000047683716,2.700000047683716,2.700000047683716,0
2.700000047683716,2.700000047683716,2.700000047683716,2.700000047683716,2.700000047683716,0
2.700000047683716,2.700000047683716,2.700000047683716,2.700000047683716,2.700000047683716,0
2.700000047683716,2.700000047683716,2.700000047683716,2.700000047683716,2.700000047683716,0
1.8200000524520874,1.8200000524520874,1.809999942779541,1.809999942779541,1.809999942779541,0
2.700000047683716,2.700000047683716,2.700000047683716,2.700000047683716,2.700000047683716,0
2.700000047683716,2.700000047683716,2.700000047683716,2.700000047683716,2.700000047683716,0
2.700000047683716,2.700000047683716,2.700000047683716,2.700000047683716,2.700000047683716,0
2.700000047683716,2.700000047683716,2.700000047683716,2.700000047683716,2.700000047683716,0
1.5700000524520874,1.5700000524520874,1.5399999618530273,1.5399999618530273,1.5399999618530273,0
2.700000047683716,2.700000047683716,2.700000047683716,2.700000047683716,2.700000047683716,0
2.700000047683716,2.700000047683716,2.700000047683716,2.700000047683716,2.700000047683716,0
2.700000047683716,2.700000047683716,2.700000047683716,2.700000047683716,2.700000047683716,0
2.700000047683716,2.700000047683716,2.700000047683716,2.700000047683716,2.700000047683716,0
1.7400000095367432,1.75,1.7400000095367432,1.75,1.75,0
2.700000047683716,2.700000047683716,2.700000047683716,2.700000047683716,2.700000047683716,0
2.700000047683716,2.700000047683716,2.700000047683716,2.700000047683716,2.700000047683716,0
2.700000047683716,2.700000047683716,2.700000047683716,2.700000047683716,2.700000047683716,0
1.8200000524520874,1.8200000524520874,1.7899999618530273,1.7899999618530273,1.7899999618530273,0
2.700000047683716,2.700000047683716,2.700000047683716,2.700000047683716,2.700000047683716,0
2.700000047683716,2.700000047683716,2.700000047683716,2.700000047683716,2.700000047683716,0
2.700000047683716,2.700000047683716,2.700000047683716,2.700000047683716,2.700000047683716,0
2.700000047683716,2.700000047683716,2.700000047683716,2.700000047683716,2.700000047683716,0
1.6200000047683716,1.6399999856948853,1.6200000047683716,1.6399999856948853,1.6399999856948853,0
2.700000047683716,2.700000047683716,2.700000047683716,2.700000047683716,2.700000047683716,0
2.700000047683716,2.700000047683716,2.700000047683716,2.700000047683716,2.700000047683716,0
2.700000047683716,2.700000047683716,2.700000047683716,2.700000047683716,2.700000047683716,0
2.700000047683716,2.700000047683716,2.700000047683716,2.700000047683716,2.700000047683716,0
1.5700000524520874,1.5800000429153442,1.559999942779541,1.5700000524520874,1.5700000524520874,0
2.700000047683716,2.700000047683716,2.700000047683716,2.700000047683716,2.700000047683716,0
2.700000047683716,2.700000047683716,2.700000047683716,2.700000047683716,2.700000047683716,0
2.700000047683716,2.700000047683716,2.700000047683716,2.700000047683716,2.700000047683716,0
2.700000047683716,2.700000047683716,2.700000047683716,2.700000047683716,2.700000047683716,0
1.4900000095367432,1.5,1.4900000095367432,1.5,1.5,0
2.700000047683716,2.799999952316284,2.700000047683716,2.799999952316284,2.799999952316284,178000
2.799999952316284,2.799999952316284,2.799999952316284,2.799999952316284,2.799999952316284,0
2.799999952316284,2.799999952316284,2.799999952316284,2.799999952316284,2.799999952316284,0
2.799999952316284,2.799999952316284,2.799999952316284,2.799999952316284,2.799999952316284,0
1.3899999856948853,1.399999976158142,1.3899999856948853,1.399999976158142,1.399999976158142,0
2.799999952316284,2.799999952316284,2.799999952316284,2.799999952316284,2.799999952316284,0
2.799999952316284,2.799999952316284,2.799999952316284,2.799999952316284,2.799999952316284,0
2.799999952316284,2.799999952316284,2.799999952316284,2.799999952316284,2.799999952316284,0
1.3899999856948853,1.3899999856948853,1.3899999856948853,1.3899999856948853,1.3899999856948853,0
2.799999952316284,2.799999952316284,2.799999952316284,2.799999952316284,2.799999952316284,0
2.799999952316284,2.799999952316284,2.799999952316284,2.799999952316284,2.799999952316284,0
2.799999952316284,2.799999952316284,2.799999952316284,2.799999952316284,2.799999952316284,0
2.799999952316284,2.799999952316284,2.799999952316284,2.799999952316284,2.799999952316284,0
1.340000033378601,1.340000033378601,1.2899999618530273,1.2899999618530273,1.2899999618530273,0
2.799999952316284,2.799999952316284,2.799999952316284,2.799999952316284,2.799999952316284,0
2.799999952316284,2.799999952316284,2.799999952316284,2.799999952316284,2.799999952316284,0
2.799999952316284,2.799999952316284,2.799999952316284,2.799999952316284,2.799999952316284,0
2.799999952316284,2.799999952316284,2.799999952316284,2.799999952316284,2.799999952316284,0
1.149999976158142,1.1699999570846558,1.149999976158142,1.1699999570846558,1.1699999570846558,0
2.5999999046325684,2.5999999046325684,2.5999999046325684,2.5999999046325684,2.5999999046325684,56475
2.5999999046325684,2.5999999046325684,2.5999999046325684,2.5999999046325684,2.5999999046325684,0
2.5999999046325684,2.5999999046325684,2.5999999046325684,2.5999999046325684,2.5999999046325684,0
2.5999999046325684,2.5999999046325684,2.5999999046325684,2.5999999046325684,2.5999999046325684,0
1.3700000047683716,1.3700000047683716,1.3600000143051147,1.3700000047683716,1.3700000047683716,0
2.5999999046325684,2.5999999046325684,2.5999999046325684,2.5999999046325684,2.5999999046325684,0
2.5999999046325684,2.5999999046325684,2.5999999046325684,2.5999999046325684,2.5999999046325684,0
2.5999999046325684,2.5999999046325684,2.5999999046325684,2.5999999046325684,2.5999999046325684,0
2.5999999046325684,2.5999999046325684,2.5999999046325684,2.5999999046325684,2.5999999046325684,0
1.350000023841858,1.350000023841858,1.340000033378601,1.340000033378601,1.340000033378601,0
2.5999999046325684,2.5999999046325684,2.5999999046325684,2.5999999046325684,2.5999999046325684,0
2.5999999046325684,2.5999999046325684,2.5999999046325684,2.5999999046325684,2.5999999046325684,2000
2.5999999046325684,2.5999999046325684,2.5999999046325684,2.5999999046325684,2.5999999046325684,0
2.5999999046325684,2.5999999046325684,2.5999999046325684,2.5999999046325684,2.5999999046325684,0
1.4800000190734863,1.4800000190734863,1.4299999475479126,1.4299999475479126,1.4299999475479126,0
2.5999999046325684,2.5999999046325684,2.5999999046325684,2.5999999046325684,2.5999999046325684,0
2.5999999046325684,2.5999999046325684,2.5999999046325684,2.5999999046325684,2.5999999046325684,0
2.5999999046325684,2.5999999046325684,2.5999999046325684,2.5999999046325684,2.5999999046325684,0
2.5999999046325684,2.5999999046325684,2.5999999046325684,2.5999999046325684,2.5999999046325684,0
1.4500000476837158,1.4500000476837158,1.440000057220459,1.440000057220459,1.440000057220459,0
2.5999999046325684,2.5999999046325684,2.5999999046325684,2.5999999046325684,2.5999999046325684,0
2.5999999046325684,2.5999999046325684,2.5999999046325684,2.5999999046325684,2.5999999046325684,0
2.5999999046325684,2.5999999046325684,2.5999999046325684,2.5999999046325684,2.5999999046325684,0
2.5999999046325684,2.5999999046325684,2.5999999046325684,2.5999999046325684,2.5999999046325684,0
1.3899999856948853,1.399999976158142,1.3899999856948853,1.399999976158142,1.399999976158142,0
2.3399999141693115,2.3399999141693115,2.3399999141693115,2.3399999141693115,2.3399999141693115,0
2.3399999141693115,2.3399999141693115,2.3399999141693115,2.3399999141693115,2.3399999141693115,0
2.3399999141693115,2.3399999141693115,2.3399999141693115,2.3399999141693115,2.3399999141693115,0
2.3399999141693115,2.3399999141693115,2.3399999141693115,2.3399999141693115,2.3399999141693115,0
1.3700000047683716,1.3799999952316284,1.3700000047683716,1.3799999952316284,1.3799999952316284,0
2.3399999141693115,2.3399999141693115,2.3399999141693115,2.3399999141693115,2.3399999141693115,0
2.3399999141693115,2.3399999141693115,2.3399999141693115,2.3399999141693115,2.3399999141693115,0
2.3399999141693115,2.3399999141693115,2.3399999141693115,2.3399999141693115,2.3399999141693115,0
1.2999999523162842,1.2999999523162842,1.2999999523162842,1.2999999523162842,1.2999999523162842,0
2.3399999141693115,2.3399999141693115,2.3399999141693115,2.3399999141693115,2.3399999141693115,0
2.3399999141693115,2.3399999141693115,2.3399999141693115,2.3399999141693115,2.3399999141693115,0
2.3399999141693115,2.3399999141693115,2.3399999141693115,2.3399999141693115,2.3399999141693115,0
2.3399999141693115,2.3399999141693115,2.3399999141693115,2.3399999141693115,2.3399999141693115,0
1.2599999904632568,1.2599999904632568,1.25,1.25,1.25,0
2.3399999141693115,2.3399999141693115,2.3399999141693115,2.3399999141693115,2.3399999141693115,0
2.3399999141693115,2.3399999141693115,2.3399999141693115,2.3399999141693115,2.3399999141693115,0
2.3399999141693115,2.3399999141693115,2.3399999141693115,2.3399999141693115,2.3399999141693115,0
2.3399999141693115,2.3399999141693115,2.3399999141693115,2.3399999141693115,2.3399999141693115,0
1.1200000047683716,1.2100000381469727,1.1200000047683716,1.1699999570846558,1.1699999570846558,0
2.3399999141693115,2.3399999141693115,2.3399999141693115,2.3399999141693115,2.3399999141693115,0
2.3399999141693115,2.3399999141693115,2.3399999141693115,2.3399999141693115,2.3399999141693115,0
2.3399999141693115,2.3399999141693115,2.3399999141693115,2.3399999141693115,2.3399999141693115,0
2.3399999141693115,2.3399999141693115,2.3399999141693115,2.3399999141693115,2.3399999141693115,0
1.0499999523162842,1.0499999523162842,1.0099999904632568,1.0099999904632568,1.0099999904632568,0
2.3399999141693115,2.3399999141693115,2.3399999141693115,2.3399999141693115,2.3399999141693115,0
2.3399999141693115,2.3399999141693115,2.3399999141693115,2.3399999141693115,2.3399999141693115,0
2.3399999141693115,2.3399999141693115,2.3399999141693115,2.3399999141693115,2.3399999141693115,0
2.3399999141693115,2.3399999141693115,2.3399999141693115,2.3399999141693115,2.3399999141693115,2000
0.9800000190734863,0.9850000143051147,0.9649999737739563,0.9700000286102295,0.9700000286102295,0
2.3399999141693115,2.3399999141693115,2.3399999141693115,2.3399999141693115,2.3399999141693115,0
2.3399999141693115,2.3399999141693115,2.3399999141693115,2.3399999141693115,2.3399999141693115,0
2.3399999141693115,2.3399999141693115,2.3399999141693115,2.3399999141693115,2.3399999141693115,0
2.3399999141693115,2.3399999141693115,2.3399999141693115,2.3399999141693115,2.3399999141693115,0
0.9950000047683716,1.0,0.9900000095367432,0.9950000047683716,0.9950000047683716,0
2.3399999141693115,2.3399999141693115,2.3399999141693115,2.3399999141693115,2.3399999141693115,0
2.3399999141693115,2.3399999141693115,2.3399999141693115,2.3399999141693115,2.3399999141693115,0
2.3399999141693115,2.3399999141693115,2.3399999141693115,2.3399999141693115,2.3399999141693115,0
2.3399999141693115,2.3399999141693115,2.3399999141693115,2.3399999141693115,2.3399999141693115,0
0.9200000166893005,0.9200000166893005,0.9049999713897705,0.9049999713897705,0.9049999713897705,0
2.3399999141693115,2.3399999141693115,2.3399999141693115,2.3399999141693115,2.3399999141693115,0
2.3399999141693115,2.3399999141693115,2.3399999141693115,2.3399999141693115,2.3399999141693115,0
2.3399999141693115,2.3399999141693115,2.3399999141693115,2.3399999141693115,2.3399999141693115,0
2.3399999141693115,2.3399999141693115,2.3399999141693115,2.3399999141693115,2.3399999141693115,0
0.9049999713897705,0.9100000262260437,0.9049999713897705,0.9100000262260437,0.9100000262260437,0
2.3399999141693115,2.3399999141693115,2.3399999141693115,2.3399999141693115,2.3399999141693115,0
2.3399999141693115,2.3399999141693115,2.3399999141693115,2.3399999141693115,2.3399999141693115,0
2.200000047683716,2.200000047683716,2.200000047683716,2.200000047683716,2.200000047683716,50000
2.200000047683716,2.200000047683716,2.200000047683716,2.200000047683716,2.200000047683716,131525
1.1200000047683716,1.1200000047683716,1.100000023841858,1.100000023841858,1.100000023841858,0
2.200000047683716,2.200000047683716,2.200000047683716,2.200000047683716,2.200000047683716,3120000
2.200000047683716,2.200000047683716,2.200000047683716,2.200000047683716,2.200000047683716,0
2.200000047683716,2.200000047683716,2.200000047683716,2.200000047683716,2.200000047683716,0
2.200000047683716,2.200000047683716,2.200000047683716,2.200000047683716,2.200000047683716,0
1.1299999952316284,1.159999966621399,1.1299999952316284,1.159999966621399,1.159999966621399,0
2.200000047683716,2.200000047683716,2.200000047683716,2.200000047683716,2.200000047683716,0
2.200000047683716,2.200000047683716,2.200000047683716,2.200000047683716,2.200000047683716,0
2.200000047683716,2.200000047683716,2.200000047683716,2.200000047683716,2.200000047683716,0
2.200000047683716,2.200000047683716,2.200000047683716,2.200000047683716,2.200000047683716,0
1.2100000381469727,1.2200000286102295,1.2100000381469727,1.2200000286102295,1.2200000286102295,0
2.200000047683716,2.200000047683716,2.200000047683716,2.200000047683716,2.200000047683716,0
2.200000047683716,2.200000047683716,2.200000047683716,2.200000047683716,2.200000047683716,0
2.200000047683716,2.200000047683716,2.200000047683716,2.200000047683716,2.200000047683716,0
1.2300000190734863,1.2300000190734863,1.2300000190734863,1.2300000190734863,1.2300000190734863,0
2.200000047683716,2.200000047683716,2.200000047683716,2.200000047683716,2.200000047683716,0
2.200000047683716,2.200000047683716,2.200000047683716,2.200000047683716,2.200000047683716,0
2.200000047683716,2.200000047683716,2.200000047683716,2.200000047683716,2.200000047683716,0
2.200000047683716,2.200000047683716,2.200000047683716,2.200000047683716,2.200000047683716,0
1.2400000095367432,1.25,1.2400000095367432,1.25,1.25,0
2.200000047683716,2.200000047683716,2.200000047683716,2.200000047683716,2.200000047683716,0
2.200000047683716,2.200000047683716,2.200000047683716,2.200000047683716,2.200000047683716,0
2.200000047683716,2.200000047683716,2.200000047683716,2.200000047683716,2.200000047683716,0
1.1299999952316284,1.1299999952316284,1.1299999952316284,1.1299999952316284,1.1299999952316284,0
2.200000047683716,2.200000047683716,2.200000047683716,2.200000047683716,2.200000047683716,0
2.200000047683716,2.200000047683716,2.200000047683716,2.200000047683716,2.200000047683716,0
2.200000047683716,2.200000047683716,2.200000047683716,2.200000047683716,2.200000047683716,0
2.200000047683716,2.200000047683716,2.200000047683716,2.200000047683716,2.200000047683716,0
1.1299999952316284,1.1399999856948853,1.1299999952316284,1.1399999856948853,1.1399999856948853,0
2.200000047683716,2.200000047683716,2.200000047683716,2.200000047683716,2.200000047683716,19000
2.200000047683716,2.200000047683716,2.200000047683716,2.200000047683716,2.200000047683716,0
2.200000047683716,2.200000047683716,2.200000047683716,2.200000047683716,2.200000047683716,0
2.200000047683716,2.200000047683716,2.200000047683716,2.200000047683716,2.200000047683716,0
1.2200000286102295,1.2200000286102295,1.2200000286102295,1.2200000286102295,1.2200000286102295,0
2.200000047683716,2.200000047683716,2.200000047683716,2.200000047683716,2.200000047683716,0
2.200000047683716,2.200000047683716,2.200000047683716,2.200000047683716,2.200000047683716,0
2.200000047683716,2.200000047683716,2.200000047683716,2.200000047683716,2.200000047683716,0
1.2200000286102295,1.2200000286102295,1.2200000286102295,1.2200000286102295,1.2200000286102295,0
2.200000047683716,2.200000047683716,2.200000047683716,2.200000047683716,2.200000047683716,0
2.200000047683716,2.200000047683716,2.200000047683716,2.200000047683716,2.200000047683716,0
2.200000047683716,2.200000047683716,2.200000047683716,2.200000047683716,2.200000047683716,0
1.2799999713897705,1.2799999713897705,1.2599999904632568,1.2799999713897705,1.2799999713897705,0
2.200000047683716,2.200000047683716,2.200000047683716,2.200000047683716,2.200000047683716,0
2.200000047683716,2.200000047683716,2.200000047683716,2.200000047683716,2.200000047683716,0
2.200000047683716,2.200000047683716,2.200000047683716,2.200000047683716,2.200000047683716,0
2.5299999713897705,2.5299999713897705,2.5299999713897705,2.5299999713897705,2.5299999713897705,3900
1.2999999523162842,1.309999942779541,1.2999999523162842,1.309999942779541,1.309999942779541,0
2.5299999713897705,2.5299999713897705,2.5299999713897705,2.5299999713897705,2.5299999713897705,0
2.5299999713897705,2.5299999713897705,2.5299999713897705,2.5299999713897705,2.5299999713897705,0
2.5299999713897705,2.5299999713897705,2.5299999713897705,2.5299999713897705,2.5299999713897705,6100
2.5299999713897705,2.5299999713897705,2.5299999713897705,2.5299999713897705,2.5299999713897705,0
1.2400000095367432,1.2400000095367432,1.2300000190734863,1.2300000190734863,1.2300000190734863,0
2.5299999713897705,2.5299999713897705,2.5299999713897705,2.5299999713897705,2.5299999713897705,0
2.5299999713897705,2.5299999713897705,2.5299999713897705,2.5299999713897705,2.5299999713897705,0
2.2799999713897705,2.2799999713897705,2.2799999713897705,2.2799999713897705,2.2799999713897705,2820
1.1799999475479126,1.1799999475479126,1.149999976158142,1.149999976158142,1.149999976158142,0
2.2799999713897705,2.2799999713897705,2.2799999713897705,2.2799999713897705,2.2799999713897705,0
2.2799999713897705,2.2799999713897705,2.2799999713897705,2.2799999713897705,2.2799999713897705,0
2.2799999713897705,2.2799999713897705,2.2799999713897705,2.2799999713897705,2.2799999713897705,0
2.2799999713897705,2.2799999713897705,2.2799999713897705,2.2799999713897705,2.2799999713897705,0
1.100000023841858,1.1100000143051147,1.100000023841858,1.1100000143051147,1.1100000143051147,0
2.2799999713897705,2.2799999713897705,2.2799999713897705,2.2799999713897705,2.2799999713897705,0
2.2799999713897705,2.2799999713897705,2.2799999713897705,2.2799999713897705,2.2799999713897705,0
2.2799999713897705,2.2799999713897705,2.2799999713897705,2.2799999713897705,2.2799999713897705,0
2.2799999713897705,2.2799999713897705,2.2799999713897705,2.2799999713897705,2.2799999713897705,0
1.1200000047683716,1.1200000047683716,1.1100000143051147,1.1100000143051147,1.1100000143051147,0
2.2799999713897705,2.2799999713897705,2.2799999713897705,2.2799999713897705,2.2799999713897705,0
2.2799999713897705,2.2799999713897705,2.2799999713897705,2.2799999713897705,2.2799999713897705,0
2.059999942779541,2.059999942779541,2.059999942779541,2.059999942779541,2.059999942779541,2000
2.059999942779541,2.059999942779541,2.059999942779541,2.059999942779541,2.059999942779541,0
1.1799999475479126,1.1799999475479126,1.1799999475479126,1.1799999475479126,1.1799999475479126,0
2.059999942779541,2.059999942779541,2.059999942779541,2.059999942779541,2.059999942779541,0
2.059999942779541,2.059999942779541,2.059999942779541,2.059999942779541,2.059999942779541,0
2.059999942779541,2.059999942779541,2.059999942779541,2.059999942779541,2.059999942779541,0
1.190000057220459,1.190000057220459,1.190000057220459,1.190000057220459,1.190000057220459,0
2.059999942779541,2.059999942779541,2.059999942779541,2.059999942779541,2.059999942779541,0
2.059999942779541,2.059999942779541,2.059999942779541,2.059999942779541,2.059999942779541,0
2.059999942779541,2.059999942779541,2.059999942779541,2.059999942779541,2.059999942779541,0
2.059999942779541,2.059999942779541,2.059999942779541,2.059999942779541,2.059999942779541,0
1.2599999904632568,1.2599999904632568,1.2599999904632568,1.2599999904632568,1.2599999904632568,0
2.059999942779541,2.059999942779541,2.059999942779541,2.059999942779541,2.059999942779541,0
2.059999942779541,2.059999942779541,2.059999942779541,2.059999942779541,2.059999942779541,0
2.059999942779541,2.059999942779541,2.059999942779541,2.059999942779541,2.059999942779541,0
2.059999942779541,2.059999942779541,2.059999942779541,2.059999942779541,2.059999942779541,0
1.440000057220459,1.440000057220459,1.4199999570846558,1.4199999570846558,1.4199999570846558,0
2.059999942779541,2.059999942779541,2.059999942779541,2.059999942779541,2.059999942779541,0
2.059999942779541,2.059999942779541,2.059999942779541,2.059999942779541,2.059999942779541,0
2.059999942779541,2.059999942779541,2.059999942779541,2.059999942779541,2.059999942779541,0
2.059999942779541,2.059999942779541,2.059999942779541,2.059999942779541,2.059999942779541,0
1.5399999618530273,1.5399999618530273,1.5299999713897705,1.5299999713897705,1.5299999713897705,0
2.059999942779541,2.059999942779541,2.059999942779541,2.059999942779541,2.059999942779541,0
2.059999942779541,2.059999942779541,2.059999942779541,2.059999942779541,2.059999942779541,0
2.059999942779541,2.059999942779541,2.059999942779541,2.059999942779541,2.059999942779541,0
2.059999942779541,2.059999942779541,2.059999942779541,2.059999942779541,2.059999942779541,0
1.6100000143051147,1.6100000143051147,1.590000033378601,1.590000033378601,1.590000033378601,0
2.059999942779541,2.059999942779541,2.059999942779541,2.059999942779541,2.059999942779541,0
2.059999942779541,2.059999942779541,2.059999942779541,2.059999942779541,2.059999942779541,0
2.059999942779541,2.059999942779541,2.059999942779541,2.059999942779541,2.059999942779541,0
2.059999942779541,2.059999942779541,2.059999942779541,2.059999942779541,2.059999942779541,0
1.6299999952316284,1.6299999952316284,1.6299999952316284,1.6299999952316284,1.6299999952316284,0
2.059999942779541,2.059999942779541,2.059999942779541,2.059999942779541,2.059999942779541,0
2.059999942779541,2.059999942779541,2.059999942779541,2.059999942779541,2.059999942779541,0
2.059999942779541,2.059999942779541,2.059999942779541,2.059999942779541,2.059999942779541,0
2.059999942779541,2.059999942779541,2.059999942779541,2.059999942779541,2.059999942779541,0
1.5399999618530273,1.5399999618530273,1.5199999809265137,1.5199999809265137,1.5199999809265137,0
2.059999942779541,2.059999942779541,2.059999942779541,2.059999942779541,2.059999942779541,0
2.359999895095825,2.359999895095825,2.359999895095825,2.359999895095825,2.359999895095825,2000
2.359999895095825,2.359999895095825,2.359999895095825,2.359999895095825,2.359999895095825,0
2.359999895095825,2.359999895095825,2.359999895095825,2.359999895095825,2.359999895095825,0
1.5299999713897705,1.5499999523162842,1.5299999713897705,1.5499999523162842,1.5499999523162842,0
2.359999895095825,2.359999895095825,2.359999895095825,2.359999895095825,2.359999895095825,0
2.359999895095825,2.359999895095825,2.359999895095825,2.359999895095825,2.359999895095825,0
2.359999895095825,2.359999895095825,2.359999895095825,2.359999895095825,2.359999895095825,0
2.359999895095825,2.359999895095825,2.359999895095825,2.359999895095825,2.359999895095825,0
2.359999895095825,2.359999895095825,2.359999895095825,2.359999895095825,2.359999895095825,0
2.359999895095825,2.359999895095825,2.359999895095825,2.359999895095825,2.359999895095825,0
2.359999895095825,2.359999895095825,2.359999895095825,2.359999895095825,2.359999895095825,0
2.359999895095825,2.359999895095825,2.359999895095825,2.359999895095825,2.359999895095825,0
1.4600000381469727,1.4700000286102295,1.4600000381469727,1.4700000286102295,1.4700000286102295,0
2.359999895095825,2.359999895095825,2.359999895095825,2.359999895095825,2.359999895095825,0
2.359999895095825,2.359999895095825,2.359999895095825,2.359999895095825,2.359999895095825,0
2.359999895095825,2.359999895095825,2.359999895095825,2.359999895095825,2.359999895095825,0
2.359999895095825,2.359999895095825,2.359999895095825,2.359999895095825,2.359999895095825,0
1.409999966621399,1.409999966621399,1.399999976158142,1.399999976158142,1.399999976158142,0
2.359999895095825,2.359999895095825,2.359999895095825,2.359999895095825,2.359999895095825,0
2.359999895095825,2.359999895095825,2.359999895095825,2.359999895095825,2.359999895095825,0
2.359999895095825,2.359999895095825,2.359999895095825,2.359999895095825,2.359999895095825,0
2.359999895095825,2.359999895095825,2.359999895095825,2.359999895095825,2.359999895095825,0
1.340000033378601,1.3600000143051147,1.340000033378601,1.3600000143051147,1.3600000143051147,0
2.359999895095825,2.359999895095825,2.359999895095825,2.359999895095825,2.359999895095825,0
2.359999895095825,2.359999895095825,2.359999895095825,2.359999895095825,2.359999895095825,0
2.359999895095825,2.359999895095825,2.359999895095825,2.359999895095825,2.359999895095825,0
2.359999895095825,2.359999895095825,2.359999895095825,2.359999895095825,2.359999895095825,0
1.3200000524520874,1.350000023841858,1.3200000524520874,1.340000033378601,1.340000033378601,0
2.359999895095825,2.359999895095825,2.359999895095825,2.359999895095825,2.359999895095825,0
2.4000000953674316,2.4000000953674316,2.4000000953674316,2.4000000953674316,2.4000000953674316,5000
2.4000000953674316,2.4000000953674316,2.4000000953674316,2.4000000953674316,2.4000000953674316,0
2.4000000953674316,2.4000000953674316,2.4000000953674316,2.4000000953674316,2.4000000953674316,0
1.6299999952316284,1.649999976158142,1.6299999952316284,1.649999976158142,1.649999976158142,0
2.4000000953674316,2.4000000953674316,2.4000000953674316,2.4000000953674316,2.4000000953674316,0
2.4000000953674316,2.4000000953674316,2.4000000953674316,2.4000000953674316,2.4000000953674316,0
2.4000000953674316,2.4000000953674316,2.4000000953674316,2.4000000953674316,2.4000000953674316,0
1.4199999570846558,1.4199999570846558,1.399999976158142,1.399999976158142,1.399999976158142,0
2.4000000953674316,2.4000000953674316,2.4000000953674316,2.4000000953674316,2.4000000953674316,0
2.4000000953674316,2.4000000953674316,2.4000000953674316,2.4000000953674316,2.4000000953674316,0
2.4000000953674316,2.4000000953674316,2.4000000953674316,2.4000000953674316,2.4000000953674316,0
2.4000000953674316,2.4000000953674316,2.4000000953674316,2.4000000953674316,2.4000000953674316,0
1.399999976158142,1.399999976158142,1.399999976158142,1.399999976158142,1.399999976158142,0
2.4000000953674316,2.4000000953674316,2.4000000953674316,2.4000000953674316,2.4000000953674316,0
2.4000000953674316,2.4000000953674316,2.4000000953674316,2.4000000953674316,2.4000000953674316,0
2.4000000953674316,2.4000000953674316,2.4000000953674316,2.4000000953674316,2.4000000953674316,0
2.4000000953674316,2.4000000953674316,2.4000000953674316,2.4000000953674316,2.4000000953674316,0
2.4000000953674316,2.4000000953674316,2.4000000953674316,2.4000000953674316,2.4000000953674316,0
2.4000000953674316,2.4000000953674316,2.4000000953674316,2.4000000953674316,2.4000000953674316,0
2.4000000953674316,2.4000000953674316,2.4000000953674316,2.4000000953674316,2.4000000953674316,0
2.4000000953674316,2.4000000953674316,2.4000000953674316,2.4000000953674316,2.4000000953674316,0
2.4000000953674316,2.4000000953674316,2.4000000953674316,2.4000000953674316,2.4000000953674316,0
2.4000000953674316,2.4000000953674316,2.4000000953674316,2.4000000953674316,2.4000000953674316,0
2.4000000953674316,2.4000000953674316,2.4000000953674316,2.4000000953674316,2.4000000953674316,0
2.4000000953674316,2.4000000953674316,2.4000000953674316,2.4000000953674316,2.4000000953674316,0
2.4000000953674316,2.4000000953674316,2.4000000953674316,2.4000000953674316,2.4000000953674316,0
2.4000000953674316,2.4000000953674316,2.4000000953674316,2.4000000953674316,2.4000000953674316,0
2.4000000953674316,2.4000000953674316,2.4000000953674316,2.4000000953674316,2.4000000953674316,0
2.4000000953674316,2.4000000953674316,2.4000000953674316,2.4000000953674316,2.4000000953674316,0
2.4000000953674316,2.4000000953674316,2.4000000953674316,2.4000000953674316,2.4000000953674316,0
2.4000000953674316,2.4000000953674316,2.4000000953674316,2.4000000953674316,2.4000000953674316,0
2.4000000953674316,2.4000000953674316,2.4000000953674316,2.4000000953674316,2.4000000953674316,0
2.4000000953674316,2.4000000953674316,2.4000000953674316,2.4000000953674316,2.4000000953674316,0
2.4000000953674316,2.4000000953674316,2.4000000953674316,2.4000000953674316,2.4000000953674316,0
2.4000000953674316,2.4000000953674316,2.4000000953674316,2.4000000953674316,2.4000000953674316,0
2.4000000953674316,2.4000000953674316,2.4000000953674316,2.4000000953674316,2.4000000953674316,0
2.4100000858306885,2.4100000858306885,2.4100000858306885,2.4100000858306885,2.4100000858306885,0
2.4100000858306885,2.4100000858306885,2.4100000858306885,2.4100000858306885,2.4100000858306885,0
2.4000000953674316,2.4000000953674316,2.4000000953674316,2.4000000953674316,2.4000000953674316,53181
2.4000000953674316,2.4000000953674316,2.4000000953674316,2.4000000953674316,2.4000000953674316,0
2.5999999046325684,2.5999999046325684,2.5999999046325684,2.5999999046325684,2.5999999046325684,56
2.5999999046325684,2.5999999046325684,2.5999999046325684,2.5999999046325684,2.5999999046325684,0
2.5999999046325684,2.5999999046325684,2.5999999046325684,2.5999999046325684,2.5999999046325684,0
2.5999999046325684,2.5999999046325684,2.5999999046325684,2.5999999046325684,2.5999999046325684,0
2.5999999046325684,2.5999999046325684,2.5999999046325684,2.5999999046325684,2.5999999046325684,0
2.5999999046325684,2.5999999046325684,2.5999999046325684,2.5999999046325684,2.5999999046325684,0
2.5999999046325684,2.5999999046325684,2.5999999046325684,2.5999999046325684,2.5999999046325684,0
2.5999999046325684,2.5999999046325684,2.5999999046325684,2.5999999046325684,2.5999999046325684,0
2.5999999046325684,2.5999999046325684,2.5999999046325684,2.5999999046325684,2.5999999046325684,0
2.5999999046325684,2.5999999046325684,2.5999999046325684,2.5999999046325684,2.5999999046325684,0
2.5999999046325684,2.5999999046325684,2.5999999046325684,2.5999999046325684,2.5999999046325684,0
2.5999999046325684,2.5999999046325684,2.5999999046325684,2.5999999046325684,2.5999999046325684,0
2.5999999046325684,2.5999999046325684,2.5999999046325684,2.5999999046325684,2.5999999046325684,0
2.5999999046325684,2.5999999046325684,2.5999999046325684,2.5999999046325684,2.5999999046325684,0
2.5999999046325684,2.5999999046325684,2.5999999046325684,2.5999999046325684,2.5999999046325684,0
2.5999999046325684,2.5999999046325684,2.5999999046325684,2.5999999046325684,2.5999999046325684,0
2.5999999046325684,2.5999999046325684,2.5999999046325684,2.5999999046325684,2.5999999046325684,0
2.5999999046325684,2.5999999046325684,2.5999999046325684,2.5999999046325684,2.5999999046325684,0
2.5999999046325684,2.5999999046325684,2.5999999046325684,2.5999999046325684,2.5999999046325684,0
2.5999999046325684,2.5999999046325684,2.5999999046325684,2.5999999046325684,2.5999999046325684,0
2.4100000858306885,2.4100000858306885,2.4000000953674316,2.4000000953674316,2.4000000953674316,10000
2.4000000953674316,2.4000000953674316,2.4000000953674316,2.4000000953674316,2.4000000953674316,0
2.4000000953674316,2.4000000953674316,2.4000000953674316,2.4000000953674316,2.4000000953674316,0
2.4000000953674316,2.4000000953674316,2.4000000953674316,2.4000000953674316,2.4000000953674316,0
2.4000000953674316,2.4000000953674316,2.4000000953674316,2.4000000953674316,2.4000000953674316,0
2.4000000953674316,2.4000000953674316,2.4000000953674316,2.4000000953674316,2.4000000953674316,0
2.4000000953674316,2.4000000953674316,2.4000000953674316,2.4000000953674316,2.4000000953674316,0
2.4000000953674316,2.4000000953674316,2.4000000953674316,2.4000000953674316,2.4000000953674316,0
2.4000000953674316,2.4000000953674316,2.4000000953674316,2.4000000953674316,2.4000000953674316,0
2.4000000953674316,2.4000000953674316,2.4000000953674316,2.4000000953674316,2.4000000953674316,0
2.4000000953674316,2.4000000953674316,2.4000000953674316,2.4000000953674316,2.4000000953674316,0
2.4000000953674316,2.4000000953674316,2.4000000953674316,2.4000000953674316,2.4000000953674316,0
2.4000000953674316,2.4000000953674316,2.4000000953674316,2.4000000953674316,2.4000000953674316,39830
2.4000000953674316,2.4000000953674316,2.4000000953674316,2.4000000953674316,2.4000000953674316,0
2.4000000953674316,2.4000000953674316,2.4000000953674316,2.4000000953674316,2.4000000953674316,0
2.4000000953674316,2.4000000953674316,2.4000000953674316,2.4000000953674316,2.4000000953674316,0
2.4000000953674316,2.4000000953674316,2.4000000953674316,2.4000000953674316,2.4000000953674316,0
2.4000000953674316,2.4000000953674316,2.4000000953674316,2.4000000953674316,2.4000000953674316,0
2.4000000953674316,2.4000000953674316,2.4000000953674316,2.4000000953674316,2.4000000953674316,0
2.4000000953674316,2.4000000953674316,2.4000000953674316,2.4000000953674316,2.4000000953674316,0
2.4000000953674316,2.4000000953674316,2.4000000953674316,2.4000000953674316,2.4000000953674316,0
2.4000000953674316,2.4000000953674316,2.4000000953674316,2.4000000953674316,2.4000000953674316,0
2.4000000953674316,2.4000000953674316,2.4000000953674316,2.4000000953674316,2.4000000953674316,0
2.4000000953674316,2.4000000953674316,2.4000000953674316,2.4000000953674316,2.4000000953674316,0
2.4000000953674316,2.4000000953674316,2.4000000953674316,2.4000000953674316,2.4000000953674316,0
2.4000000953674316,2.4000000953674316,2.4000000953674316,2.4000000953674316,2.4000000953674316,0
2.4000000953674316,2.4000000953674316,2.4000000953674316,2.4000000953674316,2.4000000953674316,0
2.4000000953674316,2.4000000953674316,2.4000000953674316,2.4000000953674316,2.4000000953674316,0
2.4000000953674316,2.4000000953674316,2.4000000953674316,2.4000000953674316,2.4000000953674316,0
2.4000000953674316,2.4000000953674316,2.4000000953674316,2.4000000953674316,2.4000000953674316,0
2.4000000953674316,2.4000000953674316,2.4000000953674316,2.4000000953674316,2.4000000953674316,0
2.4000000953674316,2.4000000953674316,2.4000000953674316,2.4000000953674316,2.4000000953674316,0
2.4000000953674316,2.4000000953674316,2.4000000953674316,2.4000000953674316,2.4000000953674316,0
2.4000000953674316,2.4000000953674316,2.4000000953674316,2.4000000953674316,2.4000000953674316,0
2.299999952316284,2.299999952316284,2.299999952316284,2.299999952316284,2.299999952316284,7763
2.4000000953674316,2.4000000953674316,2.4000000953674316,2.4000000953674316,2.4000000953674316,2000
2.4000000953674316,2.4000000953674316,2.4000000953674316,2.4000000953674316,2.4000000953674316,0
2.4000000953674316,2.4000000953674316,2.4000000953674316,2.4000000953674316,2.4000000953674316,0
2.4000000953674316,2.4000000953674316,2.4000000953674316,2.4000000953674316,2.4000000953674316,0
2.4000000953674316,2.4000000953674316,2.4000000953674316,2.4000000953674316,2.4000000953674316,0
2.4000000953674316,2.4000000953674316,2.4000000953674316,2.4000000953674316,2.4000000953674316,0
2.4000000953674316,2.4000000953674316,2.4000000953674316,2.4000000953674316,2.4000000953674316,0
2.4000000953674316,2.4000000953674316,2.4000000953674316,2.4000000953674316,2.4000000953674316,0
2.4000000953674316,2.4000000953674316,2.4000000953674316,2.4000000953674316,2.4000000953674316,0
2.4000000953674316,2.4000000953674316,2.4000000953674316,2.4000000953674316,2.4000000953674316,0
2.4000000953674316,2.4000000953674316,2.4000000953674316,2.4000000953674316,2.4000000953674316,0
2.4000000953674316,2.4000000953674316,2.4000000953674316,2.4000000953674316,2.4000000953674316,0
2.4000000953674316,2.4000000953674316,2.4000000953674316,2.4000000953674316,2.4000000953674316,0
2.4000000953674316,2.4000000953674316,2.4000000953674316,2.4000000953674316,2.4000000953674316,0
2.4000000953674316,2.4000000953674316,2.4000000953674316,2.4000000953674316,2.4000000953674316,0
2.4000000953674316,2.4000000953674316,2.4000000953674316,2.4000000953674316,2.4000000953674316,0
2.4000000953674316,2.4000000953674316,2.4000000953674316,2.4000000953674316,2.4000000953674316,0
2.4000000953674316,2.4000000953674316,2.4000000953674316,2.4000000953674316,2.4000000953674316,0
2.4000000953674316,2.4000000953674316,2.4000000953674316,2.4000000953674316,2.4000000953674316,0
2.4000000953674316,2.4000000953674316,2.4000000953674316,2.4000000953674316,2.4000000953674316,0
2.4000000953674316,2.4000000953674316,2.4000000953674316,2.4000000953674316,2.4000000953674316,0
2.4000000953674316,2.4000000953674316,2.4000000953674316,2.4000000953674316,2.4000000953674316,0
2.4000000953674316,2.4000000953674316,2.4000000953674316,2.4000000953674316,2.4000000953674316,0
2.4000000953674316,2.4000000953674316,2.4000000953674316,2.4000000953674316,2.4000000953674316,0
2.4000000953674316,2.4000000953674316,2.4000000953674316,2.4000000953674316,2.4000000953674316,0
2.4000000953674316,2.4000000953674316,2.4000000953674316,2.4000000953674316,2.4000000953674316,0
2.4000000953674316,2.4000000953674316,2.4000000953674316,2.4000000953674316,2.4000000953674316,0
2.4000000953674316,2.4000000953674316,2.4000000953674316,2.4000000953674316,2.4000000953674316,0
2.4000000953674316,2.4000000953674316,2.4000000953674316,2.4000000953674316,2.4000000953674316,0
2.4000000953674316,2.4000000953674316,2.4000000953674316,2.4000000953674316,2.4000000953674316,0
2.4000000953674316,2.4000000953674316,2.4000000953674316,2.4000000953674316,2.4000000953674316,0
2.390000104904175,2.390000104904175,2.390000104904175,2.390000104904175,2.390000104904175,1000
2.390000104904175,2.390000104904175,2.390000104904175,2.390000104904175,2.390000104904175,0
2.390000104904175,2.390000104904175,2.390000104904175,2.390000104904175,2.390000104904175,0
2.390000104904175,2.390000104904175,2.390000104904175,2.390000104904175,2.390000104904175,0
2.390000104904175,2.390000104904175,2.390000104904175,2.390000104904175,2.390000104904175,0
2.390000104904175,2.390000104904175,2.390000104904175,2.390000104904175,2.390000104904175,0
2.390000104904175,2.390000104904175,2.390000104904175,2.390000104904175,2.390000104904175,0
2.390000104904175,2.390000104904175,2.390000104904175,2.390000104904175,2.390000104904175,0
2.390000104904175,2.390000104904175,2.390000104904175,2.390000104904175,2.390000104904175,0
2.390000104904175,2.390000104904175,2.390000104904175,2.390000104904175,2.390000104904175,0
2.390000104904175,2.390000104904175,2.390000104904175,2.390000104904175,2.390000104904175,0
2.390000104904175,2.390000104904175,2.390000104904175,2.390000104904175,2.390000104904175,0
2.390000104904175,2.390000104904175,2.390000104904175,2.390000104904175,2.390000104904175,0
2.390000104904175,2.390000104904175,2.390000104904175,2.390000104904175,2.390000104904175,0
2.390000104904175,2.390000104904175,2.390000104904175,2.390000104904175,2.390000104904175,0
2.390000104904175,2.390000104904175,2.390000104904175,2.390000104904175,2.390000104904175,0
2.390000104904175,2.390000104904175,2.390000104904175,2.390000104904175,2.390000104904175,0
2.390000104904175,2.390000104904175,2.390000104904175,2.390000104904175,2.390000104904175,0
2.390000104904175,2.390000104904175,2.390000104904175,2.390000104904175,2.390000104904175,0
2.390000104904175,2.390000104904175,2.390000104904175,2.390000104904175,2.390000104904175,0
2.390000104904175,2.390000104904175,2.390000104904175,2.390000104904175,2.390000104904175,0
2.390000104904175,2.390000104904175,2.390000104904175,2.390000104904175,2.390000104904175,0
2.390000104904175,2.390000104904175,2.390000104904175,2.390000104904175,2.390000104904175,0
2.390000104904175,2.390000104904175,2.390000104904175,2.390000104904175,2.390000104904175,0
2.390000104904175,2.390000104904175,2.390000104904175,2.390000104904175,2.390000104904175,0
2.390000104904175,2.390000104904175,2.390000104904175,2.390000104904175,2.390000104904175,0
2.390000104904175,2.390000104904175,2.390000104904175,2.390000104904175,2.390000104904175,0
2.390000104904175,2.390000104904175,2.390000104904175,2.390000104904175,2.390000104904175,0
2.390000104904175,2.390000104904175,2.390000104904175,2.390000104904175,2.390000104904175,0
2.390000104904175,2.390000104904175,2.390000104904175,2.390000104904175,2.390000104904175,0
2.390000104904175,2.390000104904175,2.390000104904175,2.390000104904175,2.390000104904175,0
2.390000104904175,2.390000104904175,2.390000104904175,2.390000104904175,2.390000104904175,0
2.390000104904175,2.390000104904175,2.390000104904175,2.390000104904175,2.390000104904175,0
2.390000104904175,2.390000104904175,2.390000104904175,2.390000104904175,2.390000104904175,0
2.390000104904175,2.390000104904175,2.390000104904175,2.390000104904175,2.390000104904175,0
2.390000104904175,2.390000104904175,2.390000104904175,2.390000104904175,2.390000104904175,0
2.390000104904175,2.390000104904175,2.390000104904175,2.390000104904175,2.390000104904175,0
2.390000104904175,2.390000104904175,2.390000104904175,2.390000104904175,2.390000104904175,0
2.390000104904175,2.390000104904175,2.390000104904175,2.390000104904175,2.390000104904175,0
2.390000104904175,2.390000104904175,2.390000104904175,2.390000104904175,2.390000104904175,0
2.390000104904175,2.390000104904175,2.390000104904175,2.390000104904175,2.390000104904175,0
2.390000104904175,2.390000104904175,2.390000104904175,2.390000104904175,2.390000104904175,0
2.390000104904175,2.390000104904175,2.390000104904175,2.390000104904175,2.390000104904175,0
2.390000104904175,2.390000104904175,2.390000104904175,2.390000104904175,2.390000104904175,0
2.390000104904175,2.390000104904175,2.390000104904175,2.390000104904175,2.390000104904175,0
2.390000104904175,2.390000104904175,2.390000104904175,2.390000104904175,2.390000104904175,0
2.390000104904175,2.390000104904175,2.390000104904175,2.390000104904175,2.390000104904175,0
2.390000104904175,2.390000104904175,2.390000104904175,2.390000104904175,2.390000104904175,0
2.390000104904175,2.390000104904175,2.390000104904175,2.390000104904175,2.390000104904175,0
2.390000104904175,2.390000104904175,2.390000104904175,2.390000104904175,2.390000104904175,0
2.390000104904175,2.390000104904175,2.390000104904175,2.390000104904175,2.390000104904175,0
2.390000104904175,2.390000104904175,2.390000104904175,2.390000104904175,2.390000104904175,0
2.390000104904175,2.390000104904175,2.390000104904175,2.390000104904175,2.390000104904175,0
2.390000104904175,2.390000104904175,2.390000104904175,2.390000104904175,2.390000104904175,0
2.390000104904175,2.390000104904175,2.390000104904175,2.390000104904175,2.390000104904175,0
2.390000104904175,2.390000104904175,2.390000104904175,2.390000104904175,2.390000104904175,0
2.390000104904175,2.390000104904175,2.390000104904175,2.390000104904175,2.390000104904175,0
2.390000104904175,2.390000104904175,2.390000104904175,2.390000104904175,2.390000104904175,0
2.390000104904175,2.390000104904175,2.390000104904175,2.390000104904175,2.390000104904175,0
2.390000104904175,2.390000104904175,2.390000104904175,2.390000104904175,2.390000104904175,0
2.390000104904175,2.390000104904175,2.390000104904175,2.390000104904175,2.390000104904175,0
2.390000104904175,2.390000104904175,2.390000104904175,2.390000104904175,2.390000104904175,0
2.390000104904175,2.390000104904175,2.390000104904175,2.390000104904175,2.390000104904175,0
2.390000104904175,2.390000104904175,2.390000104904175,2.390000104904175,2.390000104904175,0
2.4000000953674316,2.4000000953674316,2.4000000953674316,2.4000000953674316,2.4000000953674316,19515
2.4000000953674316,2.4000000953674316,2.4000000953674316,2.4000000953674316,2.4000000953674316,0
2.4000000953674316,2.4000000953674316,2.4000000953674316,2.4000000953674316,2.4000000953674316,0
2.4000000953674316,2.4000000953674316,2.4000000953674316,2.4000000953674316,2.4000000953674316,0
2.4000000953674316,2.4000000953674316,2.4000000953674316,2.4000000953674316,2.4000000953674316,0
2.4000000953674316,2.4000000953674316,2.4000000953674316,2.4000000953674316,2.4000000953674316,0
2.4000000953674316,2.4000000953674316,2.4000000953674316,2.4000000953674316,2.4000000953674316,0
2.4000000953674316,2.4000000953674316,2.4000000953674316,2.4000000953674316,2.4000000953674316,0
2.4000000953674316,2.4000000953674316,2.4000000953674316,2.4000000953674316,2.4000000953674316,0
2.4000000953674316,2.4000000953674316,2.4000000953674316,2.4000000953674316,2.4000000953674316,0
2.4000000953674316,2.4000000953674316,2.4000000953674316,2.4000000953674316,2.4000000953674316,0
2.4000000953674316,2.4000000953674316,2.4000000953674316,2.4000000953674316,2.4000000953674316,0
2.4000000953674316,2.4000000953674316,2.4000000953674316,2.4000000953674316,2.4000000953674316,0
2.4000000953674316,2.4000000953674316,2.4000000953674316,2.4000000953674316,2.4000000953674316,1000
2.4000000953674316,2.4000000953674316,2.4000000953674316,2.4000000953674316,2.4000000953674316,0
2.4000000953674316,2.4000000953674316,2.4000000953674316,2.4000000953674316,2.4000000953674316,0
2.4000000953674316,2.4000000953674316,2.4000000953674316,2.4000000953674316,2.4000000953674316,0
2.4000000953674316,2.4000000953674316,2.4000000953674316,2.4000000953674316,2.4000000953674316,0
2.4000000953674316,2.4000000953674316,2.4000000953674316,2.4000000953674316,2.4000000953674316,0
2.4000000953674316,2.4000000953674316,2.4000000953674316,2.4000000953674316,2.4000000953674316,0
2.4000000953674316,2.4000000953674316,2.4000000953674316,2.4000000953674316,2.4000000953674316,0
2.2799999713897705,2.2799999713897705,2.2799999713897705,2.2799999713897705,2.2799999713897705,50000
2.2799999713897705,2.2799999713897705,2.2799999713897705,2.2799999713897705,2.2799999713897705,0
2.390000104904175,2.390000104904175,2.390000104904175,2.390000104904175,2.390000104904175,0
2.390000104904175,2.390000104904175,2.390000104904175,2.390000104904175,2.390000104904175,0
2.390000104904175,2.390000104904175,2.390000104904175,2.390000104904175,2.390000104904175,0
2.390000104904175,2.390000104904175,2.390000104904175,2.390000104904175,2.390000104904175,0
2.390000104904175,2.390000104904175,2.390000104904175,2.390000104904175,2.390000104904175,0
2.390000104904175,2.390000104904175,2.390000104904175,2.390000104904175,2.390000104904175,0
2.390000104904175,2.390000104904175,2.390000104904175,2.390000104904175,2.390000104904175,0
2.390000104904175,2.390000104904175,2.390000104904175,2.390000104904175,2.390000104904175,0
2.390000104904175,2.390000104904175,2.390000104904175,2.390000104904175,2.390000104904175,0
2.390000104904175,2.390000104904175,2.390000104904175,2.390000104904175,2.390000104904175,0
2.390000104904175,2.390000104904175,2.390000104904175,2.390000104904175,2.390000104904175,0
2.390000104904175,2.390000104904175,2.390000104904175,2.390000104904175,2.390000104904175,0
2.390000104904175,2.390000104904175,2.390000104904175,2.390000104904175,2.390000104904175,0
2.390000104904175,2.390000104904175,2.390000104904175,2.390000104904175,2.390000104904175,767
2.390000104904175,2.390000104904175,2.390000104904175,2.390000104904175,2.390000104904175,0
2.390000104904175,2.390000104904175,2.390000104904175,2.390000104904175,2.390000104904175,0
2.390000104904175,2.390000104904175,2.390000104904175,2.390000104904175,2.390000104904175,0
2.390000104904175,2.390000104904175,2.390000104904175,2.390000104904175,2.390000104904175,0
2.390000104904175,2.390000104904175,2.390000104904175,2.390000104904175,2.390000104904175,0
2.390000104904175,2.390000104904175,2.390000104904175,2.390000104904175,2.390000104904175,0
2.390000104904175,2.390000104904175,2.390000104904175,2.390000104904175,2.390000104904175,0
2.390000104904175,2.390000104904175,2.390000104904175,2.390000104904175,2.390000104904175,0
2.390000104904175,2.390000104904175,2.390000104904175,2.390000104904175,2.390000104904175,0
2.390000104904175,2.390000104904175,2.390000104904175,2.390000104904175,2.390000104904175,0
2.390000104904175,2.390000104904175,2.390000104904175,2.390000104904175,2.390000104904175,0
2.390000104904175,2.390000104904175,2.390000104904175,2.390000104904175,2.390000104904175,0
2.390000104904175,2.390000104904175,2.390000104904175,2.390000104904175,2.390000104904175,0
2.390000104904175,2.390000104904175,2.390000104904175,2.390000104904175,2.390000104904175,0
2.390000104904175,2.390000104904175,2.390000104904175,2.390000104904175,2.390000104904175,0
2.390000104904175,2.390000104904175,2.390000104904175,2.390000104904175,2.390000104904175,0
2.390000104904175,2.390000104904175,2.390000104904175,2.390000104904175,2.390000104904175,0
2.390000104904175,2.390000104904175,2.390000104904175,2.390000104904175,2.390000104904175,0
2.390000104904175,2.390000104904175,2.390000104904175,2.390000104904175,2.390000104904175,0
2.390000104904175,2.390000104904175,2.390000104904175,2.390000104904175,2.390000104904175,0
2.390000104904175,2.390000104904175,2.390000104904175,2.390000104904175,2.390000104904175,0
2.390000104904175,2.390000104904175,2.390000104904175,2.390000104904175,2.390000104904175,0
2.390000104904175,2.390000104904175,2.390000104904175,2.390000104904175,2.390000104904175,0
2.390000104904175,2.390000104904175,2.390000104904175,2.390000104904175,2.390000104904175,0
2.390000104904175,2.390000104904175,2.390000104904175,2.390000104904175,2.390000104904175,0
2.390000104904175,2.390000104904175,2.390000104904175,2.390000104904175,2.390000104904175,0
2.390000104904175,2.390000104904175,2.390000104904175,2.390000104904175,2.390000104904175,0
2.390000104904175,2.390000104904175,2.390000104904175,2.390000104904175,2.390000104904175,0
2.390000104904175,2.390000104904175,2.390000104904175,2.390000104904175,2.390000104904175,0
2.390000104904175,2.390000104904175,2.390000104904175,2.390000104904175,2.390000104904175,0
2.390000104904175,2.390000104904175,2.390000104904175,2.390000104904175,2.390000104904175,0
2.390000104904175,2.390000104904175,2.390000104904175,2.390000104904175,2.390000104904175,0
2.390000104904175,2.390000104904175,2.390000104904175,2.390000104904175,2.390000104904175,0
2.390000104904175,2.390000104904175,2.390000104904175,2.390000104904175,2.390000104904175,0
2.390000104904175,2.390000104904175,2.390000104904175,2.390000104904175,2.390000104904175,0
2.390000104904175,2.390000104904175,2.390000104904175,2.390000104904175,2.390000104904175,0
2.390000104904175,2.390000104904175,2.390000104904175,2.390000104904175,2.390000104904175,0
2.390000104904175,2.390000104904175,2.390000104904175,2.390000104904175,2.390000104904175,0
2.390000104904175,2.390000104904175,2.390000104904175,2.390000104904175,2.390000104904175,0
2.390000104904175,2.390000104904175,2.390000104904175,2.390000104904175,2.390000104904175,0
2.390000104904175,2.390000104904175,2.390000104904175,2.390000104904175,2.390000104904175,0
2.390000104904175,2.390000104904175,2.390000104904175,2.390000104904175,2.390000104904175,0
2.390000104904175,2.390000104904175,2.390000104904175,2.390000104904175,2.390000104904175,0
2.390000104904175,2.390000104904175,2.390000104904175,2.390000104904175,2.390000104904175,0
2.390000104904175,2.390000104904175,2.390000104904175,2.390000104904175,2.390000104904175,0
2.390000104904175,2.390000104904175,2.390000104904175,2.390000104904175,2.390000104904175,0
2.390000104904175,2.390000104904175,2.390000104904175,2.390000104904175,2.390000104904175,0
2.390000104904175,2.390000104904175,2.390000104904175,2.390000104904175,2.390000104904175,0
2.390000104904175,2.390000104904175,2.390000104904175,2.390000104904175,2.390000104904175,0
2.390000104904175,2.390000104904175,2.390000104904175,2.390000104904175,2.390000104904175,0
2.390000104904175,2.390000104904175,2.390000104904175,2.390000104904175,2.390000104904175,0
2.390000104904175,2.390000104904175,2.390000104904175,2.390000104904175,2.390000104904175,0
2.390000104904175,2.390000104904175,2.390000104904175,2.390000104904175,2.390000104904175,0
2.390000104904175,2.390000104904175,2.390000104904175,2.390000104904175,2.390000104904175,0
2.390000104904175,2.390000104904175,2.390000104904175,2.390000104904175,2.390000104904175,0
2.390000104904175,2.390000104904175,2.390000104904175,2.390000104904175,2.390000104904175,0
2.390000104904175,2.390000104904175,2.390000104904175,2.390000104904175,2.390000104904175,0
2.390000104904175,2.390000104904175,2.390000104904175,2.390000104904175,2.390000104904175,0
2.390000104904175,2.390000104904175,2.390000104904175,2.390000104904175,2.390000104904175,0
2.390000104904175,2.390000104904175,2.390000104904175,2.390000104904175,2.390000104904175,0
2.390000104904175,2.390000104904175,2.390000104904175,2.390000104904175,2.390000104904175,0
2.390000104904175,2.390000104904175,2.390000104904175,2.390000104904175,2.390000104904175,0
2.390000104904175,2.390000104904175,2.390000104904175,2.390000104904175,2.390000104904175,0
2.390000104904175,2.390000104904175,2.390000104904175,2.390000104904175,2.390000104904175,0
2.390000104904175,2.390000104904175,2.390000104904175,2.390000104904175,2.390000104904175,0
2.390000104904175,2.390000104904175,2.390000104904175,2.390000104904175,2.390000104904175,0
2.390000104904175,2.390000104904175,2.390000104904175,2.390000104904175,2.390000104904175,0
2.390000104904175,2.390000104904175,2.390000104904175,2.390000104904175,2.390000104904175,0
2.390000104904175,2.390000104904175,2.390000104904175,2.390000104904175,2.390000104904175,0
2.390000104904175,2.390000104904175,2.390000104904175,2.390000104904175,2.390000104904175,0
2.390000104904175,2.390000104904175,2.390000104904175,2.390000104904175,2.390000104904175,0
2.390000104904175,2.390000104904175,2.390000104904175,2.390000104904175,2.390000104904175,0
2.390000104904175,2.390000104904175,2.390000104904175,2.390000104904175,2.390000104904175,0
2.390000104904175,2.390000104904175,2.390000104904175,2.390000104904175,2.390000104904175,0
2.390000104904175,2.390000104904175,2.390000104904175,2.390000104904175,2.390000104904175,0
2.390000104904175,2.390000104904175,2.390000104904175,2.390000104904175,2.390000104904175,0
2.390000104904175,2.390000104904175,2.390000104904175,2.390000104904175,2.390000104904175,0
2.390000104904175,2.390000104904175,2.390000104904175,2.390000104904175,2.390000104904175,0
2.390000104904175,2.390000104904175,2.390000104904175,2.390000104904175,2.390000104904175,0
2.390000104904175,2.390000104904175,2.390000104904175,2.390000104904175,2.390000104904175,0
2.390000104904175,2.390000104904175,2.390000104904175,2.390000104904175,2.390000104904175,0
2.390000104904175,2.390000104904175,2.390000104904175,2.390000104904175,2.390000104904175,0
2.390000104904175,2.390000104904175,2.390000104904175,2.390000104904175,2.390000104904175,0
2.390000104904175,2.390000104904175,2.390000104904175,2.390000104904175,2.390000104904175,0
2.390000104904175,2.390000104904175,2.390000104904175,2.390000104904175,2.390000104904175,0
2.390000104904175,2.390000104904175,2.390000104904175,2.390000104904175,2.390000104904175,0
2.390000104904175,2.390000104904175,2.390000104904175,2.390000104904175,2.390000104904175,0
2.390000104904175,2.390000104904175,2.390000104904175,2.390000104904175,2.390000104904175,0
2.390000104904175,2.390000104904175,2.390000104904175,2.390000104904175,2.390000104904175,0
2.390000104904175,2.390000104904175,2.390000104904175,2.390000104904175,2.390000104904175,0
2.390000104904175,2.390000104904175,2.390000104904175,2.390000104904175,2.390000104904175,0
2.390000104904175,2.390000104904175,2.390000104904175,2.390000104904175,2.390000104904175,0
2.390000104904175,2.390000104904175,2.390000104904175,2.390000104904175,2.390000104904175,0
2.390000104904175,2.390000104904175,2.390000104904175,2.390000104904175,2.390000104904175,0
2.390000104904175,2.390000104904175,2.390000104904175,2.390000104904175,2.390000104904175,0
2.390000104904175,2.390000104904175,2.390000104904175,2.390000104904175,2.390000104904175,0
2.390000104904175,2.390000104904175,2.390000104904175,2.390000104904175,2.390000104904175,0
2.390000104904175,2.390000104904175,2.390000104904175,2.390000104904175,2.390000104904175,0
2.390000104904175,2.390000104904175,2.390000104904175,2.390000104904175,2.390000104904175,0
2.390000104904175,2.390000104904175,2.390000104904175,2.390000104904175,2.390000104904175,0
2.390000104904175,2.390000104904175,2.390000104904175,2.390000104904175,2.390000104904175,0
2.390000104904175,2.390000104904175,2.390000104904175,2.390000104904175,2.390000104904175,0
2.2799999713897705,2.2799999713897705,2.2799999713897705,2.2799999713897705,2.2799999713897705,2000
2.2799999713897705,2.2799999713897705,2.2799999713897705,2.2799999713897705,2.2799999713897705,0
2.2799999713897705,2.2799999713897705,2.2799999713897705,2.2799999713897705,2.2799999713897705,0
2.2799999713897705,2.2799999713897705,2.2799999713897705,2.2799999713897705,2.2799999713897705,0
2.2799999713897705,2.2799999713897705,2.2799999713897705,2.2799999713897705,2.2799999713897705,0
2.2799999713897705,2.2799999713897705,2.2799999713897705,2.2799999713897705,2.2799999713897705,0
2.2799999713897705,2.2799999713897705,2.2799999713897705,2.2799999713897705,2.2799999713897705,0
2.2799999713897705,2.2799999713897705,2.2799999713897705,2.2799999713897705,2.2799999713897705,0
2.2799999713897705,2.2799999713897705,2.2799999713897705,2.2799999713897705,2.2799999713897705,0
2.2799999713897705,2.2799999713897705,2.2799999713897705,2.2799999713897705,2.2799999713897705,0
2.2799999713897705,2.2799999713897705,2.2799999713897705,2.2799999713897705,2.2799999713897705,0
2.2799999713897705,2.2799999713897705,2.2799999713897705,2.2799999713897705,2.2799999713897705,0
2.2799999713897705,2.2799999713897705,2.2799999713897705,2.2799999713897705,2.2799999713897705,0
2.2799999713897705,2.2799999713897705,2.2799999713897705,2.2799999713897705,2.2799999713897705,0
2.2799999713897705,2.2799999713897705,2.2799999713897705,2.2799999713897705,2.2799999713897705,0
2.2799999713897705,2.2799999713897705,2.2799999713897705,2.2799999713897705,2.2799999713897705,0
2.2799999713897705,2.2799999713897705,2.2799999713897705,2.2799999713897705,2.2799999713897705,0
2.2799999713897705,2.2799999713897705,2.2799999713897705,2.2799999713897705,2.2799999713897705,0
2.2799999713897705,2.2799999713897705,2.2799999713897705,2.2799999713897705,2.2799999713897705,0
2.2799999713897705,2.2799999713897705,2.2799999713897705,2.2799999713897705,2.2799999713897705,0
2.2799999713897705,2.2799999713897705,2.2799999713897705,2.2799999713897705,2.2799999713897705,0
2.2799999713897705,2.2799999713897705,2.2799999713897705,2.2799999713897705,2.2799999713897705,0
2.2799999713897705,2.2799999713897705,2.2799999713897705,2.2799999713897705,2.2799999713897705,0
2.2799999713897705,2.2799999713897705,2.2799999713897705,2.2799999713897705,2.2799999713897705,0
2.2799999713897705,2.2799999713897705,2.2799999713897705,2.2799999713897705,2.2799999713897705,0
2.2799999713897705,2.2799999713897705,2.2799999713897705,2.2799999713897705,2.2799999713897705,0
2.2799999713897705,2.2799999713897705,2.2799999713897705,2.2799999713897705,2.2799999713897705,0
2.2799999713897705,2.2799999713897705,2.2799999713897705,2.2799999713897705,2.2799999713897705,0
2.2799999713897705,2.2799999713897705,2.2799999713897705,2.2799999713897705,2.2799999713897705,0
2.2799999713897705,2.2799999713897705,2.2799999713897705,2.2799999713897705,2.2799999713897705,0
2.2799999713897705,2.2799999713897705,2.2799999713897705,2.2799999713897705,2.2799999713897705,0
2.2799999713897705,2.2799999713897705,2.2799999713897705,2.2799999713897705,2.2799999713897705,0
2.2799999713897705,2.2799999713897705,2.2799999713897705,2.2799999713897705,2.2799999713897705,0
2.2799999713897705,2.2799999713897705,2.2799999713897705,2.2799999713897705,2.2799999713897705,0
2.2799999713897705,2.2799999713897705,2.2799999713897705,2.2799999713897705,2.2799999713897705,0
2.2799999713897705,2.2799999713897705,2.2799999713897705,2.2799999713897705,2.2799999713897705,0
2.2799999713897705,2.2799999713897705,2.2799999713897705,2.2799999713897705,2.2799999713897705,0
2.2799999713897705,2.2799999713897705,2.2799999713897705,2.2799999713897705,2.2799999713897705,0
2.2799999713897705,2.2799999713897705,2.2799999713897705,2.2799999713897705,2.2799999713897705,0
2.2799999713897705,2.2799999713897705,2.2799999713897705,2.2799999713897705,2.2799999713897705,0
2.2799999713897705,2.2799999713897705,2.2799999713897705,2.2799999713897705,2.2799999713897705,0
2.2799999713897705,2.2799999713897705,2.2799999713897705,2.2799999713897705,2.2799999713897705,0
2.2799999713897705,2.2799999713897705,2.2799999713897705,2.2799999713897705,2.2799999713897705,0
2.2799999713897705,2.2799999713897705,2.2799999713897705,2.2799999713897705,2.2799999713897705,0
2.2799999713897705,2.2799999713897705,2.2799999713897705,2.2799999713897705,2.2799999713897705,0
2.2799999713897705,2.2799999713897705,2.2799999713897705,2.2799999713897705,2.2799999713897705,0
2.2799999713897705,2.2799999713897705,2.2799999713897705,2.2799999713897705,2.2799999713897705,0
2.2799999713897705,2.2799999713897705,2.2799999713897705,2.2799999713897705,2.2799999713897705,0
2.2799999713897705,2.2799999713897705,2.2799999713897705,2.2799999713897705,2.2799999713897705,0
2.2799999713897705,2.2799999713897705,2.2799999713897705,2.2799999713897705,2.2799999713897705,0
2.2799999713897705,2.2799999713897705,2.2799999713897705,2.2799999713897705,2.2799999713897705,0
2.2799999713897705,2.2799999713897705,2.2799999713897705,2.2799999713897705,2.2799999713897705,0
2.2799999713897705,2.2799999713897705,2.2799999713897705,2.2799999713897705,2.2799999713897705,0
2.2799999713897705,2.2799999713897705,2.2799999713897705,2.2799999713897705,2.2799999713897705,0
2.2799999713897705,2.2799999713897705,2.2799999713897705,2.2799999713897705,2.2799999713897705,0
2.2799999713897705,2.2799999713897705,2.2799999713897705,2.2799999713897705,2.2799999713897705,0
2.2799999713897705,2.2799999713897705,2.2799999713897705,2.2799999713897705,2.2799999713897705,0
2.380000114440918,2.390000104904175,2.380000114440918,2.390000104904175,2.390000104904175,7000
2.390000104904175,2.390000104904175,2.390000104904175,2.390000104904175,2.390000104904175,0
2.390000104904175,2.390000104904175,2.390000104904175,2.390000104904175,2.390000104904175,0
2.390000104904175,2.390000104904175,2.390000104904175,2.390000104904175,2.390000104904175,0
2.390000104904175,2.390000104904175,2.390000104904175,2.390000104904175,2.390000104904175,0
2.390000104904175,2.390000104904175,2.390000104904175,2.390000104904175,2.390000104904175,0
2.390000104904175,2.390000104904175,2.390000104904175,2.390000104904175,2.390000104904175,0
2.390000104904175,2.390000104904175,2.390000104904175,2.390000104904175,2.390000104904175,0
2.390000104904175,2.390000104904175,2.390000104904175,2.390000104904175,2.390000104904175,0
2.390000104904175,2.390000104904175,2.390000104904175,2.390000104904175,2.390000104904175,0
2.390000104904175,2.390000104904175,2.390000104904175,2.390000104904175,2.390000104904175,0
2.380000114440918,2.4000000953674316,2.380000114440918,2.4000000953674316,2.4000000953674316,50000
2.4000000953674316,2.4000000953674316,2.4000000953674316,2.4000000953674316,2.4000000953674316,0
2.4000000953674316,2.4000000953674316,2.4000000953674316,2.4000000953674316,2.4000000953674316,0
2.4000000953674316,2.4000000953674316,2.4000000953674316,2.4000000953674316,2.4000000953674316,0
2.4000000953674316,2.4000000953674316,2.4000000953674316,2.4000000953674316,2.4000000953674316,0
2.4000000953674316,2.4000000953674316,2.4000000953674316,2.4000000953674316,2.4000000953674316,0
2.4000000953674316,2.4000000953674316,2.4000000953674316,2.4000000953674316,2.4000000953674316,0
2.4000000953674316,2.4000000953674316,2.4000000953674316,2.4000000953674316,2.4000000953674316,0
2.4000000953674316,2.4000000953674316,2.4000000953674316,2.4000000953674316,2.4000000953674316,0
2.4000000953674316,2.4000000953674316,2.4000000953674316,2.4000000953674316,2.4000000953674316,0
2.4000000953674316,2.4000000953674316,2.4000000953674316,2.4000000953674316,2.4000000953674316,0
2.4000000953674316,2.4000000953674316,2.4000000953674316,2.4000000953674316,2.4000000953674316,1000
2.4000000953674316,2.4000000953674316,2.4000000953674316,2.4000000953674316,2.4000000953674316,0
2.4000000953674316,2.4000000953674316,2.4000000953674316,2.4000000953674316,2.4000000953674316,0
2.4000000953674316,2.4000000953674316,2.4000000953674316,2.4000000953674316,2.4000000953674316,0
2.4000000953674316,2.4000000953674316,2.4000000953674316,2.4000000953674316,2.4000000953674316,0
2.4000000953674316,2.4000000953674316,2.4000000953674316,2.4000000953674316,2.4000000953674316,0
2.4000000953674316,2.4000000953674316,2.4000000953674316,2.4000000953674316,2.4000000953674316,0
2.4000000953674316,2.4000000953674316,2.4000000953674316,2.4000000953674316,2.4000000953674316,0
2.4000000953674316,2.4000000953674316,2.4000000953674316,2.4000000953674316,2.4000000953674316,0
2.4000000953674316,2.4000000953674316,2.4000000953674316,2.4000000953674316,2.4000000953674316,0
2.4000000953674316,2.4000000953674316,2.4000000953674316,2.4000000953674316,2.4000000953674316,0
2.4000000953674316,2.4000000953674316,2.4000000953674316,2.4000000953674316,2.4000000953674316,0
2.4000000953674316,2.4000000953674316,2.4000000953674316,2.4000000953674316,2.4000000953674316,0
2.4000000953674316,2.4000000953674316,2.4000000953674316,2.4000000953674316,2.4000000953674316,0
2.4000000953674316,2.4000000953674316,2.4000000953674316,2.4000000953674316,2.4000000953674316,0
2.4000000953674316,2.4000000953674316,2.4000000953674316,2.4000000953674316,2.4000000953674316,0
2.299999952316284,2.299999952316284,2.299999952316284,2.299999952316284,2.299999952316284,0
2.299999952316284,2.299999952316284,2.299999952316284,2.299999952316284,2.299999952316284,0
2.299999952316284,2.299999952316284,2.299999952316284,2.299999952316284,2.299999952316284,0
2.299999952316284,2.299999952316284,2.299999952316284,2.299999952316284,2.299999952316284,0
2.299999952316284,2.299999952316284,2.299999952316284,2.299999952316284,2.299999952316284,0
2.299999952316284,2.299999952316284,2.299999952316284,2.299999952316284,2.299999952316284,0
2.299999952316284,2.299999952316284,2.299999952316284,2.299999952316284,2.299999952316284,0
2.299999952316284,2.299999952316284,2.299999952316284,2.299999952316284,2.299999952316284,0
2.299999952316284,2.299999952316284,2.299999952316284,2.299999952316284,2.299999952316284,0
2.299999952316284,2.299999952316284,2.299999952316284,2.299999952316284,2.299999952316284,0
2.299999952316284,2.299999952316284,2.299999952316284,2.299999952316284,2.299999952316284,0
2.299999952316284,2.299999952316284,2.299999952316284,2.299999952316284,2.299999952316284,0
2.299999952316284,2.299999952316284,2.299999952316284,2.299999952316284,2.299999952316284,0
2.299999952316284,2.299999952316284,2.299999952316284,2.299999952316284,2.299999952316284,0
2.299999952316284,2.299999952316284,2.299999952316284,2.299999952316284,2.299999952316284,0
2.299999952316284,2.299999952316284,2.299999952316284,2.299999952316284,2.299999952316284,0
2.299999952316284,2.299999952316284,2.299999952316284,2.299999952316284,2.299999952316284,0
2.299999952316284,2.299999952316284,2.299999952316284,2.299999952316284,2.299999952316284,0
2.299999952316284,2.299999952316284,2.299999952316284,2.299999952316284,2.299999952316284,0
2.299999952316284,2.299999952316284,2.299999952316284,2.299999952316284,2.299999952316284,0
2.299999952316284,2.299999952316284,2.299999952316284,2.299999952316284,2.299999952316284,0
2.299999952316284,2.299999952316284,2.299999952316284,2.299999952316284,2.299999952316284,0
2.299999952316284,2.299999952316284,2.299999952316284,2.299999952316284,2.299999952316284,0
2.299999952316284,2.299999952316284,2.299999952316284,2.299999952316284,2.299999952316284,0
2.299999952316284,2.299999952316284,2.299999952316284,2.299999952316284,2.299999952316284,0
2.299999952316284,2.299999952316284,2.299999952316284,2.299999952316284,2.299999952316284,0
2.299999952316284,2.299999952316284,2.299999952316284,2.299999952316284,2.299999952316284,0
2.299999952316284,2.299999952316284,2.299999952316284,2.299999952316284,2.299999952316284,0
2.299999952316284,2.299999952316284,2.299999952316284,2.299999952316284,2.299999952316284,0
2.299999952316284,2.299999952316284,2.299999952316284,2.299999952316284,2.299999952316284,0
2.299999952316284,2.299999952316284,2.299999952316284,2.299999952316284,2.299999952316284,0
2.299999952316284,2.299999952316284,2.299999952316284,2.299999952316284,2.299999952316284,0
2.299999952316284,2.299999952316284,2.299999952316284,2.299999952316284,2.299999952316284,0
2.299999952316284,2.299999952316284,2.299999952316284,2.299999952316284,2.299999952316284,0
2.299999952316284,2.299999952316284,2.299999952316284,2.299999952316284,2.299999952316284,0
2.299999952316284,2.299999952316284,2.299999952316284,2.299999952316284,2.299999952316284,0
2.299999952316284,2.299999952316284,2.299999952316284,2.299999952316284,2.299999952316284,0
2.299999952316284,2.299999952316284,2.299999952316284,2.299999952316284,2.299999952316284,0
2.299999952316284,2.299999952316284,2.299999952316284,2.299999952316284,2.299999952316284,0
2.299999952316284,2.299999952316284,2.299999952316284,2.299999952316284,2.299999952316284,0
2.299999952316284,2.299999952316284,2.299999952316284,2.299999952316284,2.299999952316284,0
2.299999952316284,2.299999952316284,2.299999952316284,2.299999952316284,2.299999952316284,0
2.299999952316284,2.299999952316284,2.299999952316284,2.299999952316284,2.299999952316284,0
2.299999952316284,2.299999952316284,2.299999952316284,2.299999952316284,2.299999952316284,0
2.299999952316284,2.299999952316284,2.299999952316284,2.299999952316284,2.299999952316284,0
2.299999952316284,2.299999952316284,2.299999952316284,2.299999952316284,2.299999952316284,0
2.299999952316284,2.299999952316284,2.299999952316284,2.299999952316284,2.299999952316284,0
2.299999952316284,2.299999952316284,2.299999952316284,2.299999952316284,2.299999952316284,0
2.299999952316284,2.299999952316284,2.299999952316284,2.299999952316284,2.299999952316284,0
2.299999952316284,2.299999952316284,2.299999952316284,2.299999952316284,2.299999952316284,0
2.299999952316284,2.299999952316284,2.299999952316284,2.299999952316284,2.299999952316284,0
2.299999952316284,2.299999952316284,2.299999952316284,2.299999952316284,2.299999952316284,0
2.299999952316284,2.299999952316284,2.299999952316284,2.299999952316284,2.299999952316284,0
2.299999952316284,2.299999952316284,2.299999952316284,2.299999952316284,2.299999952316284,0
2.299999952316284,2.299999952316284,2.299999952316284,2.299999952316284,2.299999952316284,0
2.299999952316284,2.299999952316284,2.299999952316284,2.299999952316284,2.299999952316284,0
2.299999952316284,2.299999952316284,2.299999952316284,2.299999952316284,2.299999952316284,0
2.299999952316284,2.299999952316284,2.299999952316284,2.299999952316284,2.299999952316284,0
2.299999952316284,2.299999952316284,2.299999952316284,2.299999952316284,2.299999952316284,0
2.299999952316284,2.299999952316284,2.299999952316284,2.299999952316284,2.299999952316284,0
2.299999952316284,2.299999952316284,2.299999952316284,2.299999952316284,2.299999952316284,0
2.299999952316284,2.299999952316284,2.299999952316284,2.299999952316284,2.299999952316284,0
2.299999952316284,2.299999952316284,2.299999952316284,2.299999952316284,2.299999952316284,0
2.299999952316284,2.299999952316284,2.299999952316284,2.299999952316284,2.299999952316284,0
2.299999952316284,2.299999952316284,2.299999952316284,2.299999952316284,2.299999952316284,0
2.299999952316284,2.299999952316284,2.299999952316284,2.299999952316284,2.299999952316284,0
2.299999952316284,2.299999952316284,2.299999952316284,2.299999952316284,2.299999952316284,0
2.390000104904175,2.390000104904175,2.390000104904175,2.390000104904175,2.390000104904175,185
2.390000104904175,2.390000104904175,2.390000104904175,2.390000104904175,2.390000104904175,0
2.390000104904175,2.390000104904175,2.390000104904175,2.390000104904175,2.390000104904175,0
2.390000104904175,2.390000104904175,2.390000104904175,2.390000104904175,2.390000104904175,0
2.390000104904175,2.390000104904175,2.390000104904175,2.390000104904175,2.390000104904175,0
2.390000104904175,2.390000104904175,2.390000104904175,2.390000104904175,2.390000104904175,0
2.390000104904175,2.390000104904175,2.390000104904175,2.390000104904175,2.390000104904175,0
2.390000104904175,2.390000104904175,2.390000104904175,2.390000104904175,2.390000104904175,0
2.390000104904175,2.390000104904175,2.390000104904175,2.390000104904175,2.390000104904175,0
2.390000104904175,2.390000104904175,2.390000104904175,2.390000104904175,2.390000104904175,0
2.390000104904175,2.390000104904175,2.390000104904175,2.390000104904175,2.390000104904175,0
2.390000104904175,2.390000104904175,2.390000104904175,2.390000104904175,2.390000104904175,0
2.390000104904175,2.390000104904175,2.390000104904175,2.390000104904175,2.390000104904175,0
2.390000104904175,2.390000104904175,2.390000104904175,2.390000104904175,2.390000104904175,0
2.390000104904175,2.390000104904175,2.390000104904175,2.390000104904175,2.390000104904175,0
2.0,2.0,1.9500000476837158,1.9500000476837158,1.9500000476837158,6445
1.9500000476837158,1.9500000476837158,1.9500000476837158,1.9500000476837158,1.9500000476837158,383555
1.9500000476837158,1.9500000476837158,1.9500000476837158,1.9500000476837158,1.9500000476837158,0
2.240000009536743,2.240000009536743,2.240000009536743,2.240000009536743,2.240000009536743,0
2.240000009536743,2.240000009536743,2.240000009536743,2.240000009536743,2.240000009536743,0
2.240000009536743,2.240000009536743,2.240000009536743,2.240000009536743,2.240000009536743,0
2.240000009536743,2.240000009536743,2.240000009536743,2.240000009536743,2.240000009536743,0
2.240000009536743,2.240000009536743,2.240000009536743,2.240000009536743,2.240000009536743,0
2.240000009536743,2.240000009536743,2.240000009536743,2.240000009536743,2.240000009536743,0
2.240000009536743,2.240000009536743,2.240000009536743,2.240000009536743,2.240000009536743,0
2.240000009536743,2.240000009536743,2.240000009536743,2.240000009536743,2.240000009536743,0
2.240000009536743,2.240000009536743,2.240000009536743,2.240000009536743,2.240000009536743,0
2.240000009536743,2.240000009536743,2.240000009536743,2.240000009536743,2.240000009536743,50
2.240000009536743,2.240000009536743,2.240000009536743,2.240000009536743,2.240000009536743,300
2.240000009536743,2.240000009536743,2.240000009536743,2.240000009536743,2.240000009536743,0
2.240000009536743,2.240000009536743,2.240000009536743,2.240000009536743,2.240000009536743,0
2.240000009536743,2.240000009536743,2.240000009536743,2.240000009536743,2.240000009536743,0
2.240000009536743,2.240000009536743,2.240000009536743,2.240000009536743,2.240000009536743,0
2.2200000286102295,2.240000009536743,2.2200000286102295,2.240000009536743,2.240000009536743,102746
2.240000009536743,2.240000009536743,2.240000009536743,2.240000009536743,2.240000009536743,0
2.240000009536743,2.240000009536743,2.240000009536743,2.240000009536743,2.240000009536743,0
2.240000009536743,2.240000009536743,2.240000009536743,2.240000009536743,2.240000009536743,0
2.240000009536743,2.240000009536743,2.240000009536743,2.240000009536743,2.240000009536743,0
2.240000009536743,2.240000009536743,2.240000009536743,2.240000009536743,2.240000009536743,0
2.0199999809265137,2.4000000953674316,2.0199999809265137,2.4000000953674316,2.4000000953674316,31978
2.4000000953674316,2.4000000953674316,2.4000000953674316,2.4000000953674316,2.4000000953674316,0
2.4000000953674316,2.4000000953674316,2.4000000953674316,2.4000000953674316,2.4000000953674316,0
2.4000000953674316,2.4000000953674316,2.4000000953674316,2.4000000953674316,2.4000000953674316,0
2.4000000953674316,2.4000000953674316,2.4000000953674316,2.4000000953674316,2.4000000953674316,0
2.4000000953674316,2.4000000953674316,2.4000000953674316,2.4000000953674316,2.4000000953674316,0
2.4000000953674316,2.4000000953674316,2.4000000953674316,2.4000000953674316,2.4000000953674316,0
2.4000000953674316,2.4000000953674316,2.4000000953674316,2.4000000953674316,2.4000000953674316,0
2.4000000953674316,2.4000000953674316,2.4000000953674316,2.4000000953674316,2.4000000953674316,0
2.4000000953674316,2.4000000953674316,2.4000000953674316,2.4000000953674316,2.4000000953674316,0
2.4000000953674316,2.4000000953674316,2.4000000953674316,2.4000000953674316,2.4000000953674316,0
2.4000000953674316,2.4000000953674316,2.4000000953674316,2.4000000953674316,2.4000000953674316,0
2.4000000953674316,2.4000000953674316,2.4000000953674316,2.4000000953674316,2.4000000953674316,0
2.4000000953674316,2.4000000953674316,2.4000000953674316,2.4000000953674316,2.4000000953674316,0
2.4000000953674316,2.4000000953674316,2.4000000953674316,2.4000000953674316,2.4000000953674316,0
2.4000000953674316,2.4000000953674316,2.4000000953674316,2.4000000953674316,2.4000000953674316,0
2.4000000953674316,2.4000000953674316,2.4000000953674316,2.4000000953674316,2.4000000953674316,0
2.4000000953674316,2.4000000953674316,2.4000000953674316,2.4000000953674316,2.4000000953674316,0
2.4000000953674316,2.4000000953674316,2.4000000953674316,2.4000000953674316,2.4000000953674316,0
2.4000000953674316,2.4000000953674316,2.4000000953674316,2.4000000953674316,2.4000000953674316,0
2.4000000953674316,2.4000000953674316,2.4000000953674316,2.4000000953674316,2.4000000953674316,0
2.4000000953674316,2.4000000953674316,2.4000000953674316,2.4000000953674316,2.4000000953674316,0
2.4000000953674316,2.4000000953674316,2.4000000953674316,2.4000000953674316,2.4000000953674316,0
2.1500000953674316,2.1500000953674316,2.1500000953674316,2.1500000953674316,2.1500000953674316,1000
2.1500000953674316,2.1500000953674316,2.1500000953674316,2.1500000953674316,2.1500000953674316,0
2.1500000953674316,2.1500000953674316,2.1500000953674316,2.1500000953674316,2.1500000953674316,0
2.1500000953674316,2.1500000953674316,2.1500000953674316,2.1500000953674316,2.1500000953674316,0
2.1500000953674316,2.1500000953674316,2.1500000953674316,2.1500000953674316,2.1500000953674316,0
2.1500000953674316,2.1500000953674316,2.1500000953674316,2.1500000953674316,2.1500000953674316,0
2.1500000953674316,2.1500000953674316,2.1500000953674316,2.1500000953674316,2.1500000953674316,0
2.1500000953674316,2.1500000953674316,2.1500000953674316,2.1500000953674316,2.1500000953674316,0
2.1500000953674316,2.1500000953674316,2.1500000953674316,2.1500000953674316,2.1500000953674316,0
2.1500000953674316,2.1500000953674316,2.1500000953674316,2.1500000953674316,2.1500000953674316,0
2.1500000953674316,2.1500000953674316,2.1500000953674316,2.1500000953674316,2.1500000953674316,0
2.1500000953674316,2.1500000953674316,2.1500000953674316,2.1500000953674316,2.1500000953674316,0
2.1500000953674316,2.1500000953674316,2.1500000953674316,2.1500000953674316,2.1500000953674316,0
2.1500000953674316,2.1500000953674316,2.1500000953674316,2.1500000953674316,2.1500000953674316,0
2.1500000953674316,2.1500000953674316,2.1500000953674316,2.1500000953674316,2.1500000953674316,0
2.1500000953674316,2.1500000953674316,2.1500000953674316,2.1500000953674316,2.1500000953674316,0
2.1500000953674316,2.1500000953674316,2.1500000953674316,2.1500000953674316,2.1500000953674316,0
